0	1	1	1	1	1
1	0.999493927	0.995937024	0.995963673	0.995963673	0.998485613
2	0.998482549	0.993908629	0.994427558	0.994427558	0.996971227
3	0.997469636	0.993421053	0.991882293	0.991882293	0.993920973
4	0.996446701	0.992943548	0.990899899	0.990899899	0.992947103
5	0.995957554	0.991902834	0.989888777	0.989888777	0.98989899
6	0.994944388	0.99138368	0.988894498	0.988894498	0.989924433
7	0.994419077	0.990384615	0.986862052	0.986862052	0.988888889
8	0.99293999	0.98938858	0.986377397	0.986377397	0.988826816
9	0.991923271	0.988855117	0.984802432	0.984802432	0.98782344
10	0.990899899	0.988377969	0.983813859	0.983813859	0.98582996
11	0.989863153	0.987380111	0.981845688	0.981845688	0.984840829
12	0.987884907	0.986848761	0.981799798	0.981799798	0.983715013
13	0.986842105	0.983316481	0.981294237	0.981294237	0.982802226
14	0.985858586	0.982296409	0.980808081	0.980808081	0.98281092
15	0.983838384	0.982206406	0.979767324	0.979767324	0.981836529
16	0.982233503	0.981256332	0.979848866	0.979848866	0.979757085
17	0.980283114	0.980778958	0.97922999	0.97922999	0.979808178
18	0.979757085	0.980808081	0.977788995	0.977788995	0.977744057
19	0.979705733	0.980253165	0.977249747	0.977249747	0.97730711
20	0.9772842	0.978271854	0.976250632	0.976250632	0.976262626
21	0.975708502	0.978172589	0.976238625	0.976238625	0.974747475
22	0.974760222	0.976274609	0.97524002	0.97524002	0.973232323
23	0.974151039	0.976178409	0.975214972	0.975214972	0.972095383
24	0.971226653	0.976250632	0.974229409	0.974229409	0.971197575
25	0.970186963	0.975634518	0.973164557	0.973164557	0.97020202
26	0.969238527	0.97524002	0.97164557	0.97164557	0.968686869
27	0.968575773	0.974696356	0.970292044	0.970292044	0.967155129
28	0.967562088	0.974242424	0.970217062	0.970217062	0.966246851
29	0.966548403	0.972713492	0.97073663	0.97073663	0.964195663
30	0.965133906	0.972713492	0.96819788	0.96819788	0.964087001
31	0.963112683	0.972151899	0.967188289	0.967188289	0.963094034
32	0.962436548	0.970232089	0.966616085	0.966616085	0.963168517
33	0.961538462	0.969176352	0.966666667	0.966666667	0.961635538
34	0.960625946	0.968607595	0.966280825	0.966280825	0.960141271
35	0.958481013	0.96703854	0.964610718	0.964610718	0.959616355
36	0.958123108	0.967121902	0.964123295	0.964123295	0.958123108
37	0.957092378	0.965133906	0.962082912	0.962082912	0.958186398
38	0.956940223	0.96499239	0.961635538	0.961635538	0.958123108
39	0.953853955	0.963673058	0.960181452	0.960181452	0.956521739
40	0.951515152	0.961440893	0.959028832	0.959028832	0.954407295
41	0.950985346	0.960020243	0.95890411	0.95890411	0.953464846
42	0.94888664	0.960040465	0.957639939	0.957639939	0.952141058
43	0.948458818	0.958481013	0.95755432	0.95755432	0.95163728
44	0.946969697	0.958987342	0.957597173	0.957597173	0.950125945
45	0.947315096	0.958038423	0.957092378	0.957092378	0.948562784
46	0.944977284	0.956455696	0.956631367	0.956631367	0.946996466
47	0.943911066	0.955927052	0.955465587	0.955465587	0.946383409
48	0.942929293	0.956521739	0.955050505	0.955050505	0.946383409
49	0.942958102	0.956016178	0.954591322	0.954591322	0.944810127
50	0.942958102	0.95447648	0.954040404	0.954040404	0.944977284
51	0.94200706	0.954040404	0.954063604	0.954063604	0.944416372
52	0.9419778	0.952911392	0.951612903	0.951612903	0.943995964
53	0.941532258	0.950761421	0.951417004	0.951417004	0.94278481
54	0.940434124	0.950579929	0.951343132	0.951343132	0.94200706
55	0.939959637	0.949469429	0.951343132	0.951343132	0.94200706
56	0.937753036	0.947368421	0.950985346	0.950985346	0.942094663
57	0.937910146	0.947874494	0.950811359	0.950811359	0.941176471
58	0.937310415	0.946916077	0.94972067	0.94972067	0.940998487
59	0.936708861	0.946383409	0.94888664	0.94888664	0.93983822
60	0.934376577	0.944810127	0.948458818	0.948458818	0.939332659
61	0.932658228	0.94340576	0.948380567	0.948380567	0.938765182
62	0.931749242	0.942697769	0.947474747	0.947474747	0.937405351
63	0.931818182	0.9419778	0.947368421	0.947368421	0.935987903
64	0.930091185	0.940819423	0.9469429	0.9469429	0.934177215
65	0.928895613	0.939393939	0.944977284	0.944977284	0.933366986
66	0.928319031	0.93857868	0.943015633	0.943015633	0.931174089
67	0.925644917	0.937658388	0.940909091	0.940909091	0.931278423
68	0.926262626	0.936804853	0.939959637	0.939959637	0.931208902
69	0.925380711	0.936299292	0.938227848	0.938227848	0.930808081
70	0.925365608	0.934442763	0.937310415	0.937310415	0.928427419
71	0.924633283	0.933905146	0.936804853	0.936804853	0.927484787
72	0.922998987	0.933198381	0.938539043	0.938539043	0.926374181
73	0.923154702	0.931989924	0.93592331	0.93592331	0.926262626
74	0.923076923	0.930338213	0.934442763	0.934442763	0.924709449
75	0.920546559	0.928244275	0.934310258	0.934310258	0.924861321
76	0.91809909	0.927741283	0.932160804	0.932160804	0.923775871
77	0.916413374	0.926582278	0.931921331	0.931921331	0.923698838
78	0.914818548	0.923857868	0.928823826	0.928823826	0.922379032
79	0.914603335	0.923271075	0.928607595	0.928607595	0.920787084
80	0.91367996	0.920626896	0.927162367	0.927162367	0.920385396
81	0.913087418	0.919452888	0.926299849	0.926299849	0.92048314
82	0.912802419	0.919452888	0.925176946	0.925176946	0.920747097
83	0.910010111	0.91890522	0.923814329	0.923814329	0.918305598
84	0.909412955	0.918387909	0.922453117	0.922453117	0.918057663
85	0.908080808	0.917255298	0.920747097	0.920747097	0.917255298
86	0.907211296	0.915991903	0.919818457	0.919818457	0.915450428
87	0.906788247	0.916243655	0.919232711	0.919232711	0.912867275
88	0.90625	0.914861461	0.917213529	0.917213529	0.912032356
89	0.904545455	0.913924051	0.915322581	0.915322581	0.911200807
90	0.903388973	0.91231627	0.914141414	0.914141414	0.911066195
91	0.901165737	0.911660777	0.912209889	0.912209889	0.91010101
92	0.901060071	0.912076806	0.911482044	0.911482044	0.907294833
93	0.900253165	0.912032356	0.910237015	0.910237015	0.905822785
94	0.898785425	0.909550278	0.910146391	0.910146391	0.904426559
95	0.897163121	0.909183156	0.9091368	0.9091368	0.903388973
96	0.895431472	0.909044972	0.907258065	0.907258065	0.901465387
97	0.894550959	0.908493428	0.905650858	0.905650858	0.900960081
98	0.893488137	0.90670701	0.905870445	0.905870445	0.901259446
99	0.89229995	0.905603231	0.902475998	0.902475998	0.900151286
100	0.890459364	0.905555556	0.900555275	0.900555275	0.89979859
101	0.890688259	0.904641776	0.899393327	0.899393327	0.898236776
102	0.887480993	0.902574457	0.899342438	0.899342438	0.896307537
103	0.887153652	0.90091001	0.898887765	0.898887765	0.895717884
104	0.885916204	0.899189463	0.897824987	0.897824987	0.894337715
105	0.884906613	0.898031297	0.896516911	0.896516911	0.894046418
106	0.883156297	0.897163121	0.894576787	0.894576787	0.892695214
107	0.88372093	0.895454545	0.892532795	0.892532795	0.891919192
108	0.882887431	0.894843276	0.892082703	0.892082703	0.891523713
109	0.881877839	0.892766818	0.89107413	0.89107413	0.891293407
110	0.880808081	0.891578417	0.890126582	0.890126582	0.890120968
111	0.880242547	0.890973631	0.889001009	0.889001009	0.888721047
112	0.878221324	0.890293225	0.888217523	0.888217523	0.886811521
113	0.877520161	0.888720283	0.886868687	0.886868687	0.885097842
114	0.877777778	0.887145749	0.887096774	0.887096774	0.884072581
115	0.875694795	0.886868687	0.885337392	0.885337392	0.881996974
116	0.873289407	0.885916204	0.885022693	0.885022693	0.880484115
117	0.87183384	0.88336714	0.884576613	0.884576613	0.880988401
118	0.871781928	0.882204247	0.882323232	0.882323232	0.880604534
119	0.871522509	0.882144664	0.878603945	0.878603945	0.880604534
120	0.872340426	0.880627213	0.876262626	0.876262626	0.879109762
121	0.870005058	0.879919273	0.873864783	0.873864783	0.87790111
122	0.867981791	0.878357831	0.871911246	0.871911246	0.875631951
123	0.868010076	0.878159757	0.871794872	0.871794872	0.874936964
124	0.86629667	0.878147029	0.869631127	0.869631127	0.872855701
125	0.864783047	0.875441251	0.868447581	0.868447581	0.87057634
126	0.86391129	0.873991935	0.86777275	0.86777275	0.871212121
127	0.862051541	0.87303996	0.866599293	0.866599293	0.869828456
128	0.86104093	0.873168267	0.866229177	0.866229177	0.86811521
129	0.861600403	0.871717172	0.864509606	0.864509606	0.865618661
130	0.859525013	0.871277133	0.863567458	0.863567458	0.86391129
131	0.858662614	0.871587462	0.863131313	0.863131313	0.862903226
132	0.858514401	0.869807497	0.863110216	0.863110216	0.860816944
133	0.857142857	0.870332997	0.861546235	0.861546235	0.859817814
134	0.856710394	0.869959677	0.86074672	0.86074672	0.857862903
135	0.856060606	0.869191919	0.860606061	0.860606061	0.855050505
136	0.853238866	0.867104598	0.859375	0.859375	0.854187689
137	0.852822581	0.865588681	0.858156028	0.858156028	0.852748361
138	0.85108531	0.865724382	0.856708861	0.856708861	0.852748361
139	0.851460222	0.863131313	0.855919395	0.855919395	0.851010101
140	0.848866499	0.862556847	0.855050505	0.855050505	0.850603622
141	0.847858942	0.861111111	0.853313101	0.853313101	0.849521892
142	0.846969697	0.86074672	0.851010101	0.851010101	0.84654215
143	0.846347607	0.86010101	0.848561333	0.848561333	0.84534005
144	0.845262097	0.859453994	0.848989899	0.848989899	0.844567404
145	0.844365841	0.85793731	0.848088531	0.848088531	0.84305835
146	0.843828715	0.858152448	0.845532559	0.845532559	0.84199899
147	0.842741935	0.857575758	0.845262097	0.845262097	0.843434343
148	0.84040404	0.856493178	0.844949495	0.844949495	0.841069627
149	0.838465422	0.85396665	0.844018173	0.844018173	0.840966281
150	0.83921371	0.854398382	0.845184065	0.845184065	0.839051463
151	0.837701613	0.852038249	0.840828701	0.840828701	0.836868687
152	0.836621143	0.851664985	0.840484604	0.840484604	0.836016097
153	0.836879433	0.849593496	0.840221774	0.840221774	0.834927026
154	0.835685484	0.848056537	0.838790932	0.838790932	0.832153691
155	0.833670374	0.845803842	0.835609509	0.835609509	0.831987891
156	0.831987891	0.844556962	0.834427057	0.834427057	0.831064044
157	0.831149194	0.845027764	0.834340383	0.834340383	0.829969728
158	0.83030303	0.844758065	0.833501514	0.833501514	0.828874306
159	0.829379101	0.842741935	0.829551185	0.829551185	0.828038326
160	0.826923077	0.841309824	0.82903389	0.82903389	0.825100806
161	0.828038326	0.841494195	0.828125	0.828125	0.824685139
162	0.824987355	0.840425532	0.827272727	0.827272727	0.823410696
163	0.823855058	0.837632777	0.825692695	0.825692695	0.821572581
164	0.822401615	0.837209302	0.823499748	0.823499748	0.820020222
165	0.821752266	0.835181452	0.820151134	0.820151134	0.817768804
166	0.820111167	0.834510595	0.818181818	0.818181818	0.817128463
167	0.818273599	0.83148335	0.81639839	0.81639839	0.816851665
168	0.815842583	0.829292929	0.816120907	0.816120907	0.813131313
169	0.815244826	0.827534039	0.814572864	0.814572864	0.81190116
170	0.813353566	0.824570273	0.812909733	0.812909733	0.813695871
171	0.811616162	0.823232323	0.810797175	0.810797175	0.812374245
172	0.81010101	0.821356275	0.810606061	0.810606061	0.809884014
173	0.808177688	0.81987891	0.809283552	0.809283552	0.809979839
174	0.806858296	0.819052419	0.808660624	0.808660624	0.809547739
175	0.80444669	0.816986855	0.808198381	0.808198381	0.80798383
176	0.804754679	0.817128463	0.803030303	0.803030303	0.80798383
177	0.803220936	0.815244826	0.801715439	0.801715439	0.807265388
178	0.80141129	0.814871017	0.800100705	0.800100705	0.804644119
179	0.799697275	0.812626263	0.798076923	0.798076923	0.803931452
180	0.798888327	0.810388301	0.797079557	0.797079557	0.802125506
181	0.798891129	0.806680162	0.795969773	0.795969773	0.80020284
182	0.795259708	0.804644119	0.795557799	0.795557799	0.800904977
183	0.794444444	0.804853387	0.793939394	0.793939394	0.800201816
184	0.792842742	0.801615346	0.791624622	0.791624622	0.797474747
185	0.791414141	0.801005025	0.790803436	0.790803436	0.795969773
186	0.792824659	0.798989899	0.79040404	0.79040404	0.795065458
187	0.790886076	0.795443038	0.789818548	0.789818548	0.793450882
188	0.789393939	0.794845882	0.789606458	0.789606458	0.792929293
189	0.787878788	0.792929293	0.788703984	0.788703984	0.791729702
190	0.787726358	0.792633703	0.786182552	0.786182552	0.790886076
191	0.78748107	0.792194627	0.787556904	0.787556904	0.79072113
192	0.787373737	0.791814047	0.785498489	0.785498489	0.789712557
193	0.786612984	0.789792825	0.785966683	0.785966683	0.787695411
194	0.78463094	0.788995457	0.785858586	0.785858586	0.786653185
195	0.783947501	0.788306452	0.78488665	0.78488665	0.786686838
196	0.780981285	0.786290323	0.782674772	0.782674772	0.785858586
197	0.77917505	0.784994965	0.781265823	0.781265823	0.784313725
198	0.776547559	0.785570131	0.782477341	0.782477341	0.783551968
199	0.776262626	0.782433115	0.780070458	0.780070458	0.783156833
200	0.775479314	0.785353535	0.781533804	0.781533804	0.784205231
201	0.772841999	0.782762097	0.778952669	0.778952669	0.782367758
202	0.771327612	0.781470292	0.777833753	0.777833753	0.779909137
203	0.769036813	0.780020182	0.776375568	0.776375568	0.7784522
204	0.765270066	0.779233871	0.77693857	0.77693857	0.778506559
205	0.767137097	0.777609682	0.774356386	0.774356386	0.776992936
206	0.764112903	0.777889955	0.771442987	0.771442987	0.773948302
207	0.762216625	0.775138959	0.769620253	0.769620253	0.773575391
208	0.761231701	0.774583964	0.769813226	0.769813226	0.771991911
209	0.761712846	0.772452069	0.770120724	0.770120724	0.770120724
210	0.762216625	0.771947528	0.765538151	0.765538151	0.771558245
211	0.761712846	0.769347496	0.764112903	0.764112903	0.7697733
212	0.762746088	0.768920283	0.764084507	0.764084507	0.767488676
213	0.762361251	0.767641129	0.763489662	0.763489662	0.768298839
214	0.76108871	0.766515381	0.762575453	0.762575453	0.765182186
215	0.759615385	0.765656566	0.762481089	0.762481089	0.765239295
216	0.759717314	0.765357503	0.759838547	0.759838547	0.764321608
217	0.759334006	0.764883956	0.759717314	0.759717314	0.761209068
218	0.758446798	0.764498235	0.760060362	0.760060362	0.76094615
219	0.757836198	0.762600806	0.758064516	0.758064516	0.759838547
220	0.757178841	0.76108871	0.756048387	0.756048387	0.759979788
221	0.755778894	0.760463944	0.756036217	0.756036217	0.755544355
222	0.753410814	0.76070529	0.754916793	0.754916793	0.756552419
223	0.753030303	0.759576613	0.754412506	0.754412506	0.754650578
224	0.750125945	0.758446798	0.752145381	0.752145381	0.752899647
225	0.749241658	0.757423251	0.751633987	0.751633987	0.752145381
226	0.74559194	0.757315843	0.75	0.75	0.751762336
227	0.744691608	0.757438225	0.751509054	0.751509054	0.749621403
228	0.74484147	0.756060606	0.751633987	0.751633987	0.747987928
229	0.742799394	0.753784057	0.750378215	0.750378215	0.74672709
230	0.743834927	0.752780586	0.747856783	0.747856783	0.745967742
231	0.742957746	0.751887267	0.748617396	0.748617396	0.746854555
232	0.741301059	0.752016129	0.746471774	0.746471774	0.743834927
233	0.740573152	0.751258812	0.745068285	0.745068285	0.742163802
234	0.738624874	0.750629723	0.746336534	0.746336534	0.741170535
235	0.738407258	0.748865356	0.745088161	0.745088161	0.740442656
236	0.737795672	0.747852451	0.744338198	0.744338198	0.738933602
237	0.734951947	0.748361069	0.744209466	0.744209466	0.738562092
238	0.733602422	0.747607053	0.743447581	0.743447581	0.736391129
239	0.733602422	0.747856783	0.741336012	0.741336012	0.736523929
240	0.732828283	0.746969697	0.739656912	0.739656912	0.737266768
241	0.731989924	0.745068285	0.739656912	0.739656912	0.735412475
242	0.730439172	0.745831228	0.739064857	0.739064857	0.73453997
243	0.730672057	0.745454545	0.73919598	0.73919598	0.733903421
244	0.729784028	0.745839637	0.738190955	0.738190955	0.733534439
245	0.729512318	0.745206862	0.737266768	0.737266768	0.734776044
246	0.729009553	0.744584383	0.736153072	0.736153072	0.732493703
247	0.727777778	0.742163802	0.736020151	0.736020151	0.731756417
248	0.727915194	0.743086978	0.736418511	0.736418511	0.730846774
249	0.726172466	0.73989899	0.73480663	0.73480663	0.730749874
250	0.726448363	0.740292486	0.733467945	0.733467945	0.731155779
251	0.727455919	0.73864783	0.732663317	0.732663317	0.730439172
252	0.725529768	0.738779627	0.731854839	0.731854839	0.727730247
253	0.722727273	0.736496719	0.731350806	0.731350806	0.727089627
254	0.721493441	0.736230419	0.732628399	0.732628399	0.72328629
255	0.719899244	0.736020151	0.730943968	0.730943968	0.72306143
256	0.719536757	0.736496719	0.73030303	0.73030303	0.72118772
257	0.718529708	0.735516373	0.728736789	0.728736789	0.72118772
258	0.716229839	0.733972741	0.727685325	0.727685325	0.720181178
259	0.716591024	0.733232476	0.728096677	0.728096677	0.719758065
260	0.717884131	0.73259334	0.726358149	0.726358149	0.720121029
261	0.715730905	0.732458354	0.724623116	0.724623116	0.719254032
262	0.713420787	0.730246603	0.722891566	0.722891566	0.717237903
263	0.713709677	0.729198185	0.720906801	0.720906801	0.718168093
264	0.712916246	0.727685325	0.721410579	0.721410579	0.716440422
265	0.713565305	0.725391217	0.72082495	0.72082495	0.714932127
266	0.710379747	0.723651034	0.720403023	0.720403023	0.713565305
267	0.707304786	0.72415532	0.717303823	0.717303823	0.71313538
268	0.707218576	0.723007064	0.715078164	0.715078164	0.709173387
269	0.70472837	0.721774194	0.71421371	0.71421371	0.709173387
270	0.702770781	0.720906801	0.713494461	0.713494461	0.707723372
271	0.7035913	0.718970737	0.713926596	0.713926596	0.707599396
272	0.701462431	0.721774194	0.713709677	0.713709677	0.707218576
273	0.699092742	0.718168093	0.711838791	0.711838791	0.705941591
274	0.700100806	0.719475277	0.712701613	0.712701613	0.704637097
275	0.699445285	0.718608169	0.710181452	0.710181452	0.705438066
276	0.700807265	0.719112456	0.710976838	0.710976838	0.704133065
277	0.698540513	0.716809692	0.709045226	0.709045226	0.703125
278	0.697627461	0.719033233	0.709612481	0.709612481	0.704431017
279	0.695410993	0.718090452	0.708312343	0.708312343	0.699898785
280	0.698284561	0.716086737	0.708080808	0.708080808	0.698740554
281	0.694598688	0.71716155	0.708249497	0.708249497	0.6970307
282	0.694444444	0.715800101	0.707218576	0.707218576	0.696832579
283	0.691569914	0.715078164	0.705231388	0.705231388	0.696266398
284	0.689202825	0.713279678	0.703722334	0.703722334	0.695477387
285	0.690020161	0.713709677	0.702770781	0.702770781	0.696464646
286	0.687689203	0.711122295	0.702770781	0.702770781	0.693589096
287	0.687657431	0.712342569	0.70297529	0.70297529	0.694821518
288	0.683308119	0.71024735	0.700704225	0.700704225	0.697076613
289	0.684157417	0.711043873	0.701207243	0.701207243	0.693743693
290	0.683997981	0.71141277	0.70105687	0.70105687	0.695871098
291	0.683812405	0.709173387	0.69798995	0.69798995	0.694598688
292	0.681589537	0.71016692	0.697533971	0.697533971	0.692616775
293	0.681544634	0.708962739	0.698340875	0.698340875	0.688664987
294	0.682275932	0.707723372	0.698284561	0.698284561	0.688128773
295	0.677923387	0.705645161	0.698484848	0.698484848	0.685800604
296	0.678102926	0.704992436	0.697183099	0.697183099	0.688508065
297	0.679435484	0.704431017	0.696634857	0.696634857	0.68545546
298	0.677760968	0.70332997	0.694360524	0.694360524	0.684952189
299	0.675580222	0.70297529	0.693815988	0.693815988	0.68429003
300	0.675239536	0.704225352	0.693044355	0.693044355	0.683919598
301	0.677078086	0.702416918	0.690176322	0.690176322	0.68296371
302	0.672040302	0.702675416	0.690607735	0.690607735	0.681589537
303	0.671875	0.70105687	0.689325277	0.689325277	0.679254783
304	0.670866935	0.702267003	0.688508065	0.688508065	0.680261833
305	0.670866935	0.700656234	0.690296631	0.690296631	0.679254783
306	0.669180493	0.698740554	0.689134809	0.689134809	0.679216867
307	0.667840966	0.69732188	0.688508065	0.688508065	0.678230266
308	0.664490206	0.696374622	0.689359556	0.689359556	0.677581864
309	0.665156093	0.697428139	0.687657431	0.687657431	0.678247734
310	0.665995976	0.696527428	0.688631791	0.688631791	0.676559356
311	0.663471241	0.695367573	0.686777275	0.686777275	0.676070529
312	0.662128089	0.694710327	0.686619718	0.686619718	0.674886764
313	0.663306452	0.692929293	0.688161209	0.688161209	0.674044266
314	0.660957179	0.696113074	0.685110664	0.685110664	0.67370538
315	0.662644545	0.695520886	0.684130982	0.684130982	0.673387097
316	0.657402729	0.693393848	0.681589537	0.681589537	0.671536524
317	0.659113797	0.692346425	0.682779456	0.682779456	0.671529175
318	0.656265727	0.692655936	0.682092555	0.682092555	0.671529175
319	0.654582075	0.691028226	0.681086519	0.681086519	0.670523139
320	0.655085599	0.6902476	0.682595573	0.682595573	0.671349724
321	0.653904282	0.690680101	0.680261833	0.680261833	0.670700958
322	0.653380424	0.690835851	0.682228916	0.682228916	0.671867136
323	0.652567976	0.690332326	0.678247734	0.678247734	0.672024108
324	0.653420523	0.689168766	0.678427419	0.678427419	0.670860594
325	0.652414487	0.688978359	0.675907258	0.675907258	0.66935078
326	0.650553877	0.6861167	0.676070529	0.676070529	0.66750503
327	0.651209677	0.687468546	0.67641129	0.67641129	0.666666667
328	0.65057818	0.686017163	0.675893306	0.675893306	0.665995976
329	0.649370277	0.685987903	0.673562059	0.673562059	0.666498994
330	0.648213387	0.684157417	0.67457114	0.67457114	0.664818548
331	0.648241206	0.684157417	0.672864322	0.672864322	0.665326633
332	0.646673387	0.684316692	0.672544081	0.672544081	0.662972292
333	0.644478064	0.684661958	0.672526369	0.672526369	0.663480885
334	0.644869215	0.683838384	0.669858871	0.669858871	0.658953722
335	0.646703573	0.683627204	0.671536524	0.671536524	0.659113797
336	0.64637827	0.68429003	0.669354839	0.669354839	0.659274194
337	0.64551863	0.681932562	0.669512808	0.669512808	0.655572365
338	0.644042232	0.679454821	0.669176707	0.669176707	0.659090909
339	0.644221106	0.678282828	0.668010076	0.668010076	0.658425832
340	0.645193759	0.678137652	0.667840966	0.667840966	0.659617321
341	0.643145161	0.679596977	0.665661136	0.665661136	0.656438632
342	0.643360161	0.678912934	0.665826613	0.665826613	0.654600302
343	0.641090358	0.678409663	0.665994962	0.665994962	0.652239557
344	0.642821159	0.678589421	0.664483627	0.664483627	0.653575025
345	0.643145161	0.680443548	0.663301363	0.663301363	0.65171371
346	0.642677403	0.677078086	0.662983425	0.662983425	0.65204236
347	0.641452345	0.676752395	0.662808254	0.662808254	0.650681474
348	0.640664318	0.677093845	0.663471241	0.663471241	0.649874055
349	0.63925328	0.675403226	0.660462777	0.660462777	0.648484848
350	0.63897281	0.674066599	0.661119516	0.661119516	0.649899396
351	0.638104839	0.673242286	0.661290323	0.661290323	0.649272454
352	0.639616935	0.671717172	0.661119516	0.661119516	0.647858942
353	0.639154504	0.67322239	0.659617321	0.659617321	0.646851385
354	0.640522876	0.672883065	0.659939455	0.659939455	0.645990923
355	0.639336016	0.67322239	0.656768998	0.656768998	0.646556058
356	0.637279597	0.671709531	0.657416751	0.657416751	0.644869215
357	0.638832998	0.672708963	0.655415617	0.655415617	0.644008056
358	0.639154504	0.672213817	0.655589124	0.655589124	0.646347607
359	0.63792234	0.670873296	0.6532461	0.6532461	0.64590658
360	0.63755679	0.670523139	0.651691065	0.651691065	0.645550528
361	0.639879458	0.669521411	0.65204236	0.65204236	0.645697031
362	0.637695806	0.66935078	0.653420523	0.653420523	0.64321608
363	0.63796576	0.66935078	0.652896725	0.652896725	0.643649194
364	0.637600806	0.667844523	0.652239557	0.652239557	0.642031171
365	0.63608871	0.667840966	0.652896725	0.652896725	0.641528406
366	0.637279597	0.666330645	0.653071501	0.653071501	0.642174132
367	0.63608871	0.665995976	0.652742828	0.652742828	0.64084507
368	0.635311871	0.664652568	0.653729839	0.653729839	0.639939486
369	0.635905194	0.663471241	0.650226472	0.650226472	0.639476334
370	0.632056452	0.664318067	0.651758794	0.651758794	0.639517345
371	0.632241814	0.662626263	0.650402414	0.650402414	0.637462236
372	0.63324937	0.662632375	0.650402414	0.650402414	0.639154504
373	0.630970337	0.660624371	0.650377834	0.650377834	0.634441088
374	0.630784708	0.659767794	0.64921993	0.64921993	0.635997989
375	0.631048387	0.660110943	0.64836272	0.64836272	0.632241814
376	0.628845184	0.660453401	0.648689516	0.648689516	0.632560484
377	0.628528226	0.660615229	0.650729743	0.650729743	0.629909366
378	0.627965674	0.659788626	0.648866499	0.648866499	0.632796781
379	0.628456511	0.657085224	0.648390342	0.648390342	0.632293763
380	0.629105609	0.65910237	0.648716658	0.648716658	0.630598893
381	0.628643216	0.656076652	0.649246231	0.649246231	0.629480061
382	0.627016129	0.653205452	0.648689516	0.648689516	0.628959276
383	0.6277666	0.653749371	0.647058824	0.647058824	0.627895267
384	0.628398792	0.652721774	0.647177419	0.647177419	0.628024194
385	0.626888218	0.652721774	0.647532729	0.647532729	0.628082536
386	0.626888218	0.650705645	0.647858942	0.647858942	0.628585808
387	0.624117053	0.651256281	0.648213387	0.648213387	0.628082536
388	0.624117053	0.650857719	0.64551863	0.64551863	0.628772636
389	0.624120603	0.650050352	0.645760161	0.645760161	0.625692695
390	0.625881168	0.65118627	0.643145161	0.643145161	0.626767677
391	0.622793747	0.65158371	0.644153226	0.644153226	0.626633166
392	0.622546553	0.650402414	0.642857143	0.642857143	0.624874119
393	0.623173804	0.649396378	0.640080767	0.640080767	0.624370594
394	0.624245473	0.648185484	0.644008056	0.644008056	0.626572723
395	0.625816173	0.648335015	0.639476334	0.639476334	0.625504032
396	0.622043281	0.650553877	0.640806045	0.640806045	0.622736419
397	0.6222334	0.650201613	0.63832998	0.63832998	0.623677582
398	0.621036739	0.651691065	0.638651233	0.638651233	0.623553095
399	0.62115869	0.647858942	0.637739657	0.637739657	0.620724346
400	0.620533468	0.650505051	0.637506285	0.637506285	0.621730382
401	0.618520382	0.647177419	0.638052209	0.638052209	0.621785174
402	0.621036739	0.646053293	0.637003519	0.637003519	0.621227364
403	0.620845921	0.646200302	0.636455186	0.636455186	0.620793571
404	0.620221328	0.649016641	0.63718593	0.63718593	0.619335347
405	0.619335347	0.647681452	0.634712412	0.634712412	0.61959799
406	0.619263742	0.644332494	0.635951662	0.635951662	0.619071645
407	0.619838872	0.644836272	0.632796781	0.632796781	0.62046371
408	0.619215292	0.644803229	0.633299799	0.633299799	0.620724346
409	0.619335347	0.643469491	0.631658291	0.631658291	0.619838872
410	0.619455645	0.643289606	0.632694248	0.632694248	0.620151134
411	0.618062563	0.641633065	0.6302267	0.6302267	0.619023654
412	0.615733737	0.642280525	0.631632137	0.631632137	0.619335347
413	0.617085427	0.641670861	0.629964806	0.629964806	0.619215292
414	0.616197183	0.641993958	0.625881168	0.625881168	0.61813602
415	0.614688129	0.641452345	0.62720403	0.62720403	0.618401207
416	0.615887381	0.640625	0.629089079	0.629089079	0.61674231
417	0.615694165	0.638287154	0.627135678	0.627135678	0.616700201
418	0.612626263	0.63897281	0.625881168	0.625881168	0.6160444
419	0.610998991	0.638748739	0.626262626	0.626262626	0.61387632
420	0.609989909	0.636409481	0.626196474	0.626196474	0.612368024
421	0.6094615	0.636134877	0.625	0.625	0.61167002
422	0.609879032	0.63800905	0.623553095	0.623553095	0.612173038
423	0.6094615	0.63832998	0.625628141	0.625628141	0.610859729
424	0.609045226	0.637279597	0.626323752	0.626323752	0.610271903
425	0.608345902	0.635032812	0.624685139	0.624685139	0.610356963
426	0.607951686	0.634712412	0.622727273	0.622727273	0.606962664
427	0.606962664	0.638104839	0.625377644	0.625377644	0.607250755
428	0.608190091	0.635905194	0.625062909	0.625062909	0.608148893
429	0.607951686	0.635631605	0.622546553	0.622546553	0.607843137
430	0.605648008	0.635448137	0.622356495	0.622356495	0.608935743
431	0.607035176	0.636180905	0.621036739	0.621036739	0.608148893
432	0.604428787	0.634072581	0.622603431	0.622603431	0.607250755
433	0.605541562	0.632137443	0.624874119	0.624874119	0.608060453
434	0.60231272	0.628657921	0.623742455	0.623742455	0.607232546
435	0.604323781	0.631975867	0.622479839	0.622479839	0.606334842
436	0.602215509	0.62815338	0.623239437	0.623239437	0.606441872
437	0.604229607	0.628082536	0.621349446	0.621349446	0.607340372
438	0.603925516	0.629032258	0.62115869	0.62115869	0.606730286
439	0.603030303	0.628269618	0.621852971	0.621852971	0.606136821
440	0.602615694	0.626384693	0.622926094	0.622926094	0.604417671
441	0.602415702	0.627391742	0.620221328	0.620221328	0.604124748
442	0.601005025	0.626196474	0.61997992	0.61997992	0.603716725
443	0.599596571	0.625188917	0.618712274	0.618712274	0.60130719
444	0.600706714	0.623742455	0.620845921	0.620845921	0.600503778
445	0.60110664	0.625692695	0.616314199	0.616314199	0.602107376
446	0.599597586	0.622166247	0.616314199	0.616314199	0.599597586
447	0.599496222	0.623173804	0.616314199	0.616314199	0.599597586
448	0.599394551	0.623553095	0.61677549	0.61677549	0.598083712
449	0.598591549	0.620533468	0.619095477	0.619095477	0.598389532
450	0.597481108	0.619312437	0.615847543	0.615847543	0.597180262
451	0.598389532	0.62154001	0.614457831	0.614457831	0.594458438
452	0.598290598	0.62154001	0.613796576	0.613796576	0.593969849
453	0.597474747	0.62154001	0.614300101	0.614300101	0.594866633
454	0.597984887	0.620393741	0.613567839	0.613567839	0.595274007
455	0.598389532	0.622222222	0.612286002	0.612286002	0.595680563
456	0.597082495	0.62154001	0.613179074	0.613179074	0.595178302
457	0.598488665	0.621349446	0.611250628	0.611250628	0.596790371
458	0.596270161	0.618831823	0.612317012	0.612317012	0.59395466
459	0.598389532	0.619071645	0.609131962	0.609131962	0.595969773
460	0.594553707	0.617750883	0.609854198	0.609854198	0.593152064
461	0.593450882	0.615462355	0.609854198	0.609854198	0.593467337
462	0.59395466	0.616666667	0.608454957	0.608454957	0.592237903
463	0.593655589	0.614688129	0.607951686	0.607951686	0.593169262
464	0.592350277	0.613293051	0.607843137	0.607843137	0.593262946
465	0.591733871	0.612203732	0.607645875	0.607645875	0.591939547
466	0.592350277	0.614185111	0.604932058	0.604932058	0.590246355
467	0.589330649	0.61391129	0.602118003	0.602118003	0.59054326
468	0.589949749	0.610887097	0.604135149	0.604135149	0.589240825
469	0.591754651	0.614530777	0.6022211	0.6022211	0.589808274
470	0.590130916	0.611782477	0.603222558	0.603222558	0.59283552
471	0.590040241	0.613293051	0.604522613	0.604522613	0.589717742
472	0.591046278	0.613373555	0.602918973	0.602918973	0.588353414
473	0.58915118	0.612399194	0.603422245	0.603422245	0.586519115
474	0.588709677	0.611977856	0.603422245	0.603422245	0.589537223
475	0.586485124	0.612173038	0.603118712	0.603118712	0.587405542
476	0.585513078	0.611782477	0.603326613	0.603326613	0.585181452
477	0.586311022	0.612008073	0.600402617	0.600402617	0.588116818
478	0.58790932	0.611474585	0.601005025	0.601005025	0.588413098
479	0.586397985	0.609264854	0.597886261	0.597886261	0.586606244
480	0.587197581	0.610075567	0.597886261	0.597886261	0.587613293
481	0.586397985	0.610409298	0.596879718	0.596879718	0.587317564
482	0.587405542	0.608848668	0.592164741	0.592164741	0.586485124
483	0.585929648	0.608080808	0.591435768	0.591435768	0.588442211
484	0.584173387	0.60768453	0.590634441	0.590634441	0.585476551
485	0.58408862	0.611167002	0.590840463	0.590840463	0.585304479
486	0.583333333	0.6094615	0.59093199	0.59093199	0.585549423
487	0.585894207	0.610383065	0.589627392	0.589627392	0.582074522
488	0.585635359	0.608761329	0.588944724	0.588944724	0.580985915
489	0.583879093	0.607358871	0.588709677	0.588709677	0.579637097
490	0.586102719	0.608257805	0.59093199	0.59093199	0.582284852
491	0.584467978	0.608870968	0.59186747	0.59186747	0.581699346
492	0.585304479	0.606837607	0.593467337	0.593467337	0.583375315
493	0.582871537	0.605953582	0.592145015	0.592145015	0.581442259
494	0.583417594	0.604733132	0.591229839	0.591229839	0.578894472
495	0.583585096	0.605143722	0.59093199	0.59093199	0.580563948
496	0.583753784	0.603726083	0.59054326	0.59054326	0.579476861
497	0.581442259	0.60302267	0.59054326	0.59054326	0.576612903
498	0.581991952	0.60140916	0.589717742	0.589717742	0.576748868
499	0.582450832	0.602622289	0.58974359	0.58974359	0.577039275
500	0.581407035	0.603526448	0.589924433	0.589924433	0.5775428
501	0.581149194	0.601711984	0.590065228	0.590065228	0.574307305
502	0.581278309	0.600704935	0.590725806	0.590725806	0.574585635
503	0.580904523	0.599798894	0.58965344	0.58965344	0.573795181
504	0.579688286	0.60201005	0.586102719	0.586102719	0.573581115
505	0.581488934	0.601814516	0.586102719	0.586102719	0.572219426
506	0.580141129	0.603326613	0.585476551	0.585476551	0.572289157
507	0.578337531	0.600905888	0.584545911	0.584545911	0.571356784
508	0.579979879	0.6	0.584507042	0.584507042	0.569199799
509	0.578125	0.600402617	0.585267407	0.585267407	0.572004028
510	0.575390822	0.599394551	0.58501006	0.58501006	0.570564516
511	0.577967807	0.595969773	0.582997988	0.582997988	0.56998993
512	0.577967807	0.595465995	0.585894207	0.585894207	0.570709612
513	0.576322418	0.59404942	0.584297937	0.584297937	0.570422535
514	0.577096936	0.595658758	0.584382872	0.584382872	0.571500758
515	0.575314861	0.594758065	0.583165323	0.583165323	0.5697733
516	0.578046324	0.594758065	0.581653226	0.581653226	0.570135747
517	0.578125	0.594363362	0.58408862	0.58408862	0.568410463
518	0.575025176	0.593545134	0.579979879	0.579979879	0.568627451
519	0.578682755	0.595166163	0.580645161	0.580645161	0.568193256
520	0.577620968	0.592330979	0.581278309	0.581278309	0.566817953
521	0.576671694	0.594159114	0.582367758	0.582367758	0.5656769
522	0.574949698	0.593340061	0.580482897	0.580482897	0.565020161
523	0.575590156	0.595262097	0.581407035	0.581407035	0.566549473
524	0.57775541	0.591527988	0.579768495	0.579768495	0.565961732
525	0.57581864	0.592760181	0.580775038	0.580775038	0.566683442
526	0.576961771	0.593356819	0.580271766	0.580271766	0.568056253
527	0.574660633	0.59164149	0.579133065	0.579133065	0.567472306
528	0.575466936	0.591023701	0.577967807	0.577967807	0.567553993
529	0.57444668	0.58921371	0.577329975	0.577329975	0.566331658
530	0.574949698	0.593152064	0.57918552	0.57918552	0.563947633
531	0.57581864	0.591343734	0.57839196	0.57839196	0.566246851
532	0.57444668	0.592555332	0.575376884	0.575376884	0.566549473
533	0.572507553	0.593040847	0.573655103	0.573655103	0.567119155
534	0.572365103	0.591847006	0.574799197	0.574799197	0.56661639
535	0.571859296	0.593228903	0.574157868	0.574157868	0.564581231
536	0.573011078	0.593561368	0.574811083	0.574811083	0.568056253
537	0.571717172	0.591137966	0.573943662	0.573943662	0.565458207
538	0.572722698	0.590817356	0.573366834	0.573366834	0.56639839
539	0.573158426	0.59074912	0.574596774	0.574596774	0.564735516
540	0.571284635	0.590130916	0.571284635	0.571284635	0.564889336
541	0.570493454	0.588531187	0.574232511	0.574232511	0.564759036
542	0.571572581	0.588502269	0.574232511	0.574232511	0.562970396
543	0.572649573	0.588175846	0.573803526	0.573803526	0.564824121
544	0.57193159	0.588086825	0.575239054	0.575239054	0.56372796
545	0.570638512	0.58790932	0.573440644	0.573440644	0.564321608
546	0.572076613	0.587790111	0.572361809	0.572361809	0.564670357
547	0.571428571	0.587997983	0.572653885	0.572653885	0.564670357
548	0.569486405	0.585894207	0.571859296	0.571859296	0.564824121
549	0.568765743	0.586572438	0.572365103	0.572365103	0.56639839
550	0.569556452	0.587077234	0.572649573	0.572649573	0.567051733
551	0.566532258	0.58728557	0.571860817	0.571860817	0.566465257
552	0.568330812	0.587405542	0.572004028	0.572004028	0.5638833
553	0.568913481	0.586102719	0.573158426	0.573158426	0.56561086
554	0.567975831	0.585858586	0.56898288	0.56898288	0.563947633
555	0.567689985	0.583963691	0.568913481	0.568913481	0.564102564
556	0.569339385	0.584762866	0.571716155	0.571716155	0.564012097
557	0.567186714	0.584677419	0.56970307	0.56970307	0.563380282
558	0.566028226	0.584934277	0.569346734	0.569346734	0.563444109
559	0.565020161	0.584297937	0.56970307	0.56970307	0.563819095
560	0.564735516	0.586016097	0.568479355	0.568479355	0.56281407
561	0.563380282	0.583585096	0.568044355	0.568044355	0.561871227
562	0.565239295	0.582157258	0.566767068	0.566767068	0.561368209
563	0.565085772	0.582074522	0.569191919	0.569191919	0.563947633
564	0.564386318	0.584422111	0.567472306	0.567472306	0.559577677
565	0.565590313	0.58404846	0.567553993	0.567553993	0.560301508
566	0.566968781	0.582284852	0.568124686	0.568124686	0.560362173
567	0.564670357	0.579345088	0.568124686	0.568124686	0.562594268
568	0.565392354	0.579637097	0.566901408	0.566901408	0.559637645
569	0.564889336	0.579053374	0.566901408	0.566901408	0.558956347
570	0.562342251	0.580726539	0.565239295	0.565239295	0.558526741
571	0.564954683	0.579292929	0.56580938	0.56580938	0.560362173
572	0.561526871	0.58249497	0.566834171	0.566834171	0.557344064
573	0.559697733	0.579899497	0.566901408	0.566901408	0.559074912
574	0.560544904	0.580352645	0.568835098	0.568835098	0.557178841
575	0.560461616	0.578787879	0.567186714	0.567186714	0.558127831
576	0.560080442	0.579265224	0.567404427	0.567404427	0.556508577
577	0.55762456	0.579265224	0.566465257	0.566465257	0.555331992
578	0.55768262	0.580482897	0.566683442	0.566683442	0.55723651
579	0.555667506	0.580482897	0.564605329	0.564605329	0.554884189
580	0.556898288	0.577620968	0.565895372	0.565895372	0.557121288
581	0.557344064	0.580191051	0.563444109	0.563444109	0.554545455
582	0.559697733	0.579556898	0.565544952	0.565544952	0.556281407
583	0.558350101	0.579345088	0.565961732	0.565961732	0.559134373
584	0.558572147	0.579979879	0.564540432	0.564540432	0.559637645
585	0.559433485	0.578973843	0.563160544	0.563160544	0.55873494
586	0.558408862	0.57884131	0.56429652	0.56429652	0.559577677
587	0.558853119	0.578337531	0.564038172	0.564038172	0.559253656
588	0.558186398	0.578046324	0.565961732	0.565961732	0.560644187
589	0.559356137	0.577889447	0.564889336	0.564889336	0.56246864
590	0.558350101	0.577967807	0.563224181	0.563224181	0.561209068
591	0.558631102	0.579768495	0.562091503	0.562091503	0.559859155
592	0.559818274	0.579476861	0.562279375	0.562279375	0.561712846
593	0.557294296	0.576826196	0.563663815	0.563663815	0.561712846
594	0.559356137	0.578258681	0.561588738	0.561588738	0.559296482
595	0.55951783	0.578416541	0.562154001	0.562154001	0.56002009
596	0.55874937	0.579080344	0.560240964	0.560240964	0.560301508
597	0.558350101	0.57775541	0.561368209	0.561368209	0.557286432
598	0.558853119	0.579637097	0.561024611	0.561024611	0.555779909
599	0.556841046	0.579556898	0.562154001	0.562154001	0.557178841
600	0.559697733	0.58030303	0.561209068	0.561209068	0.556338028
601	0.5562249	0.578046324	0.56010101	0.56010101	0.556618017
602	0.556004036	0.578920827	0.55879397	0.55879397	0.556058321
603	0.556284705	0.579637097	0.557905337	0.557905337	0.555611475
604	0.555667506	0.576245596	0.557905337	0.557905337	0.553490708
605	0.555779909	0.575666164	0.55750879	0.55750879	0.554271357
606	0.555555556	0.577407968	0.559296482	0.559296482	0.554550025
607	0.553985873	0.57568113	0.55678392	0.55678392	0.554101661
608	0.556284705	0.577464789	0.557344064	0.557344064	0.556171285
609	0.552419355	0.576399395	0.55723651	0.55723651	0.55465995
610	0.553706505	0.57653575	0.557401813	0.557401813	0.557121288
611	0.552261307	0.57638191	0.557006529	0.557006529	0.555108203
612	0.552088576	0.577329975	0.557344064	0.557344064	0.557847082
613	0.553931452	0.574382249	0.556955645	0.556955645	0.556058321
614	0.551741545	0.575239054	0.557178841	0.557178841	0.557121288
615	0.552988448	0.573299748	0.555891239	0.555891239	0.556618017
616	0.554101661	0.577407968	0.556171285	0.556171285	0.55583501
617	0.551967709	0.574307305	0.557730924	0.557730924	0.555891239
618	0.555108203	0.57444668	0.559134373	0.559134373	0.55678392
619	0.554939516	0.574521652	0.555108203	0.555108203	0.555555556
620	0.554828974	0.574949698	0.557121288	0.557121288	0.555219365
621	0.555611475	0.573869347	0.55583501	0.55583501	0.555778894
622	0.553652393	0.573803526	0.556955645	0.556955645	0.555667506
623	0.554939516	0.574521652	0.55583501	0.55583501	0.5562249
624	0.554604932	0.576032226	0.557286432	0.557286432	0.556732224
625	0.555947581	0.574521652	0.556060606	0.556060606	0.55678392
626	0.555891239	0.574307305	0.558408862	0.558408862	0.560140916
627	0.554828974	0.573514602	0.558350101	0.558350101	0.557006529
628	0.555276382	0.574371859	0.55873494	0.55873494	0.556002009
629	0.552366566	0.573514602	0.556394763	0.556394763	0.555947581
630	0.554828974	0.573225969	0.556675063	0.556675063	0.555891239
631	0.555276382	0.575025176	0.562877264	0.562877264	0.556171285
632	0.556394763	0.573440644	0.559919436	0.559919436	0.556561086
633	0.555891239	0.576612903	0.558186398	0.558186398	0.55762456
634	0.555219365	0.574596774	0.558912387	0.558912387	0.558069382
635	0.555499495	0.574018127	0.559134373	0.559134373	0.558232932
636	0.556338028	0.572937626	0.55951783	0.55951783	0.556561086
637	0.557121288	0.574521652	0.558291457	0.558291457	0.556561086
638	0.556955645	0.573943662	0.559134373	0.559134373	0.556060606
639	0.55801105	0.572076613	0.559859155	0.559859155	0.556171285
640	0.555163728	0.573011078	0.559193955	0.559193955	0.556675063
641	0.555108203	0.573811931	0.55750879	0.55750879	0.556675063
642	0.55465995	0.575390822	0.560201511	0.560201511	0.555276382
643	0.553706505	0.573299748	0.560140916	0.560140916	0.556227937
644	0.553931452	0.575742325	0.561526871	0.561526871	0.55583501
645	0.55387714	0.573084677	0.559356137	0.559356137	0.553706505
646	0.555891239	0.574886536	0.558350101	0.558350101	0.555331992
647	0.552366566	0.575971731	0.559577677	0.559577677	0.553714859
648	0.552299141	0.575742325	0.559031282	0.559031282	0.556058321
649	0.553652393	0.573011078	0.561024611	0.561024611	0.55762456
650	0.553202219	0.573877963	0.561147458	0.561147458	0.55404726
651	0.553427419	0.574735783	0.561871227	0.561871227	0.55505279
652	0.549798793	0.575742325	0.560522351	0.560522351	0.553652393
653	0.552366566	0.573803526	0.561147458	0.561147458	0.556058321
654	0.549798793	0.575390822	0.560742972	0.560742972	0.557006529
655	0.549848943	0.578629032	0.560362173	0.560362173	0.556841046
656	0.549899194	0.5775428	0.558080808	0.558080808	0.55762456
657	0.547607053	0.575742325	0.559253656	0.559253656	0.555611475
658	0.549848943	0.576961771	0.558853119	0.558853119	0.554550025
659	0.548468106	0.577039275	0.559475806	0.559475806	0.555163728
660	0.550403226	0.575176589	0.558303887	0.558303887	0.553760727
661	0.550804829	0.577116935	0.557063851	0.557063851	0.555499495
662	0.550403226	0.5775428	0.557847082	0.557847082	0.555499749
663	0.550680787	0.578046324	0.559577677	0.559577677	0.55678392
664	0.550251256	0.575452716	0.55762456	0.55762456	0.556338028
665	0.550629723	0.578203835	0.558572147	0.558572147	0.555667506
666	0.549118388	0.575879397	0.556338028	0.556338028	0.556955645
667	0.549848943	0.575742325	0.55801105	0.55801105	0.557788945
668	0.550403226	0.574596774	0.557006529	0.557006529	0.558408862
669	0.551082033	0.57653575	0.556726908	0.556726908	0.555163728
670	0.551082033	0.575390822	0.556504269	0.556504269	0.556618017
671	0.551030669	0.575239054	0.55678392	0.55678392	0.555276382
672	0.550025138	0.574949698	0.555108203	0.555108203	0.555778894
673	0.550527903	0.575742325	0.55678392	0.55678392	0.557178841
674	0.549118388	0.576185671	0.556281407	0.556281407	0.557063851
675	0.548841893	0.576671694	0.55387714	0.55387714	0.555891239
676	0.547883065	0.576826196	0.554156171	0.554156171	0.558303887
677	0.54632427	0.5775428	0.554380665	0.554380665	0.555555556
678	0.549472627	0.575025176	0.554718876	0.554718876	0.556281407
679	0.549899194	0.576690212	0.553490708	0.553490708	0.556394763
680	0.547559134	0.576322418	0.554715078	0.554715078	0.556338028
681	0.547283702	0.576108871	0.554435484	0.554435484	0.556841046
682	0.548970367	0.575895108	0.556284705	0.556284705	0.55465995
683	0.546646495	0.577039275	0.555611475	0.555611475	0.556002009
684	0.546552592	0.576399395	0.55505279	0.55505279	0.556451613
685	0.545226131	0.576903681	0.557286432	0.557286432	0.556281407
686	0.545546049	0.577833753	0.555499749	0.555499749	0.557459677
687	0.545133636	0.5775428	0.55762456	0.55762456	0.555331992
688	0.545500251	0.577599196	0.557799091	0.557799091	0.555667506
689	0.545820745	0.579053374	0.558127831	0.558127831	0.555667506
690	0.547150782	0.577677225	0.557459677	0.557459677	0.557063851
691	0.546142209	0.578416541	0.557847082	0.557847082	0.558912387
692	0.546049321	0.576612903	0.558127831	0.558127831	0.558127831
693	0.547426842	0.576476527	0.558572147	0.558572147	0.556114746
694	0.546599496	0.577486118	0.558408862	0.558408862	0.558232932
695	0.544494721	0.578258681	0.557063851	0.557063851	0.556281407
696	0.545546049	0.578258681	0.562657272	0.562657272	0.558912387
697	0.548289738	0.577039275	0.559738956	0.559738956	0.559577677
698	0.54632427	0.577116935	0.560240964	0.560240964	0.559919436
699	0.548338369	0.574382249	0.560583208	0.560583208	0.558408862
700	0.546049321	0.574660633	0.561588738	0.561588738	0.560963372
701	0.548014077	0.576032226	0.561085973	0.561085973	0.559074912
702	0.546599496	0.575176589	0.560644187	0.560644187	0.559818274
703	0.548792757	0.575100806	0.560301508	0.560301508	0.558912387
704	0.547331319	0.575239054	0.559577677	0.559577677	0.559253656
705	0.549345418	0.576981323	0.56080402	0.56080402	0.560583208
706	0.547236181	0.578761953	0.560362173	0.560362173	0.559637645
707	0.54641776	0.576767677	0.561526871	0.561526871	0.560080442
708	0.546780684	0.579556898	0.562216625	0.562216625	0.563253012
709	0.548014077	0.579476861	0.56080402	0.56080402	0.565108095
710	0.54861461	0.577116935	0.561368209	0.561368209	0.562311558
711	0.548435923	0.577990914	0.562374245	0.562374245	0.561809045
712	0.547738693	0.578470825	0.563224181	0.563224181	0.56143001
713	0.548159355	0.578258681	0.565173629	0.565173629	0.565239295
714	0.545042778	0.578629032	0.562877264	0.562877264	0.563947633
715	0.545820745	0.5799294	0.562216625	0.562216625	0.564889336
716	0.545317221	0.577833753	0.564694082	0.564694082	0.561809045
717	0.544768612	0.577329975	0.563599799	0.563599799	0.562594268
718	0.545866935	0.578046324	0.563004032	0.563004032	0.561368209
719	0.544354839	0.579688286	0.562342251	0.562342251	0.562248996
720	0.545774648	0.578549849	0.561209068	0.561209068	0.562216625
721	0.543532964	0.579717457	0.561147458	0.561147458	0.56165073
722	0.542756539	0.57884131	0.559798995	0.559798995	0.562877264
723	0.543489191	0.578894472	0.560926485	0.560926485	0.562657272
724	0.543303122	0.580563948	0.561871227	0.561871227	0.563067608
725	0.543489191	0.580060423	0.562216625	0.562216625	0.562657272
726	0.54256927	0.579212916	0.562877264	0.562877264	0.563415867
727	0.544310171	0.579768495	0.560262229	0.560262229	0.5625
728	0.541330645	0.57884131	0.563380282	0.563380282	0.563316583
729	0.542756539	0.578761953	0.562437059	0.562437059	0.564931784
730	0.541708543	0.578629032	0.564605329	0.564605329	0.565239295
731	0.541519879	0.579133065	0.562531391	0.562531391	0.566246851
732	0.543029693	0.580352645	0.563792234	0.563792234	0.566113625
733	0.543303122	0.579848866	0.562940584	0.562940584	0.565173629
734	0.544125063	0.580271766	0.562594268	0.562594268	0.563792234
735	0.544997486	0.580482897	0.561465128	0.561465128	0.564889336
736	0.545866935	0.580904523	0.561933535	0.561933535	0.566331658
737	0.544450025	0.58488665	0.563599799	0.563599799	0.5656769
738	0.543029693	0.58123108	0.562720403	0.562720403	0.566968781
739	0.545088161	0.581524483	0.563819095	0.563819095	0.569060773
740	0.544997486	0.582074522	0.563973909	0.563973909	0.567689985
741	0.545042778	0.582704877	0.562374245	0.562374245	0.565961732
742	0.547055863	0.582914573	0.562531391	0.562531391	0.566901408
743	0.544997486	0.581278309	0.561085973	0.561085973	0.566549473
744	0.547103275	0.581488934	0.56165073	0.56165073	0.568124686
745	0.545546049	0.580645161	0.561147458	0.561147458	0.566532258
746	0.547511312	0.58178158	0.560522351	0.560522351	0.567975831
747	0.548338369	0.580856423	0.561085973	0.561085973	0.567472306
748	0.545774648	0.581991952	0.562594268	0.562594268	0.56661639
749	0.548289738	0.579848866	0.561553986	0.561553986	0.567254408
750	0.544858871	0.58123108	0.56070529	0.56070529	0.568558513
751	0.546277666	0.581570997	0.563004032	0.563004032	0.567336683
752	0.547607053	0.582914573	0.561871227	0.561871227	0.567608476
753	0.546095718	0.582578046	0.559979839	0.559979839	0.567689985
754	0.548289738	0.583794665	0.559074912	0.559074912	0.56639839
755	0.543203638	0.583501006	0.560583208	0.560583208	0.566465257
756	0.544539507	0.582240161	0.562531391	0.562531391	0.569416499
757	0.545317221	0.580352645	0.561809045	0.561809045	0.569060773
758	0.545683998	0.580775038	0.561368209	0.561368209	0.569486405
759	0.546780684	0.583459405	0.559313478	0.559313478	0.566180171
760	0.546505782	0.583501006	0.56080402	0.56080402	0.568410463
761	0.54527163	0.582284852	0.559637645	0.559637645	0.568558513
762	0.546370968	0.581149194	0.561712846	0.561712846	0.568913481
763	0.545774648	0.583081571	0.560483871	0.560483871	0.56998993
764	0.545179202	0.58186398	0.562029131	0.562029131	0.5687751
765	0.545362903	0.581067472	0.560140916	0.560140916	0.569486405
766	0.544265594	0.580937973	0.560240964	0.560240964	0.568558513
767	0.543762575	0.579848866	0.559074912	0.559074912	0.566767068
768	0.546733668	0.578973843	0.557401813	0.557401813	0.566331658
769	0.545956806	0.580693816	0.559798995	0.559798995	0.569486405
770	0.546049321	0.580060423	0.559296482	0.559296482	0.567119155
771	0.547008547	0.580985915	0.559134373	0.559134373	0.567540323
772	0.547463586	0.580010096	0.560080442	0.560080442	0.567826525
773	0.546875	0.580677795	0.559697733	0.559697733	0.567472306
774	0.546231156	0.58186398	0.559134373	0.559134373	0.568696527
775	0.546780684	0.583291394	0.559074912	0.559074912	0.568913481
776	0.547283702	0.579979879	0.557788945	0.557788945	0.567907445
777	0.545728643	0.584762866	0.558127831	0.558127831	0.567486202
778	0.545088161	0.582157258	0.55901557	0.55901557	0.567051733
779	0.549345418	0.581149194	0.55750879	0.55750879	0.56580938
780	0.548289738	0.580726539	0.559577677	0.559577677	0.564426478
781	0.547559134	0.581735621	0.557401813	0.557401813	0.565895372
782	0.547236181	0.583879093	0.559253656	0.559253656	0.56580938
783	0.547331319	0.584507042	0.561491935	0.561491935	0.567839196
784	0.545179202	0.583417085	0.559134373	0.559134373	0.567119155
785	0.543259557	0.582871537	0.558853119	0.558853119	0.5667001
786	0.544949495	0.582240161	0.560201511	0.560201511	0.566549473
787	0.543762575	0.583081571	0.559738956	0.559738956	0.565326633
788	0.543903663	0.581991952	0.560644187	0.560644187	0.568044355
789	0.542381433	0.583459405	0.559738956	0.559738956	0.56898288
790	0.541792548	0.584128579	0.558454591	0.558454591	0.568913481
791	0.541289023	0.583753784	0.556561086	0.556561086	0.568124686
792	0.541140838	0.58501006	0.560301508	0.560301508	0.567404427
793	0.543489191	0.582112178	0.560080442	0.560080442	0.566331658
794	0.543073048	0.582074522	0.561588738	0.561588738	0.567839196
795	0.541980895	0.584297937	0.560422961	0.560422961	0.566834171
796	0.543947765	0.582367758	0.558572147	0.558572147	0.567404427
797	0.543303122	0.583165323	0.558350101	0.558350101	0.568558513
798	0.54311649	0.583291394	0.56070529	0.56070529	0.565326633
799	0.541247485	0.580856423	0.560140916	0.560140916	0.567051733
800	0.544310171	0.58186398	0.561933535	0.561933535	0.56580938
801	0.543806647	0.581653226	0.561306533	0.561306533	0.565326633
802	0.54527163	0.583291394	0.55762456	0.55762456	0.565261044
803	0.543718593	0.582074522	0.559697733	0.559697733	0.567186714
804	0.545408678	0.582367758	0.55768262	0.55768262	0.566549473
805	0.543895055	0.582788123	0.55874937	0.55874937	0.567907445
806	0.546552592	0.582912032	0.558971774	0.558971774	0.567839196
807	0.549472627	0.581735621	0.557178841	0.557178841	0.566901408
808	0.54861461	0.584801208	0.558408862	0.558408862	0.568410463
809	0.548970367	0.58408862	0.559356137	0.559356137	0.565895372
810	0.547379032	0.584173387	0.559859155	0.559859155	0.568113017
811	0.548062406	0.583459405	0.560827865	0.560827865	0.566683442
812	0.548241206	0.58501006	0.562311558	0.562311558	0.567907445
813	0.548891129	0.583165323	0.563253012	0.563253012	0.566313666
814	0.547883065	0.58404846	0.563792234	0.563792234	0.56639839
815	0.547283702	0.582828283	0.564670357	0.564670357	0.564735516
816	0.547283702	0.584382872	0.565961732	0.565961732	0.568696527
817	0.547655068	0.586016097	0.564889336	0.564889336	0.568124686
818	0.548516843	0.586189516	0.565458207	0.565458207	0.569849246
819	0.54861461	0.584507042	0.565763052	0.565763052	0.566549473
820	0.551256281	0.58404846	0.566113625	0.566113625	0.566683442
821	0.55163728	0.586397985	0.565458207	0.565458207	0.567119155
822	0.550855992	0.585685484	0.56639839	0.56639839	0.565961732
823	0.552088576	0.585267407	0.565590313	0.565590313	0.565020161
824	0.551915323	0.584848485	0.567119155	0.567119155	0.565961732
825	0.550352467	0.583963691	0.566549473	0.566549473	0.565108095
826	0.553148615	0.585513078	0.568193256	0.568193256	0.564321608
827	0.553373615	0.582997988	0.567907445	0.567907445	0.565743073
828	0.553148615	0.583669355	0.567404427	0.567404427	0.564954683
829	0.549899194	0.582284852	0.565392354	0.565392354	0.565458207
830	0.548940464	0.583753784	0.567839196	0.567839196	0.566901408
831	0.551863041	0.584004024	0.568056253	0.568056253	0.565020161
832	0.55163728	0.58404846	0.567540323	0.567540323	0.565458207
833	0.553148615	0.585562847	0.569130216	0.569130216	0.567608476
834	0.55359839	0.584592145	0.568273092	0.568273092	0.566968781
835	0.554550025	0.583459405	0.568627451	0.568627451	0.568056253
836	0.556338028	0.585304479	0.569632981	0.569632981	0.568056253
837	0.553095118	0.583923155	0.570925553	0.570925553	0.567322239
838	0.555108203	0.582997988	0.569632981	0.569632981	0.570347958
839	0.554320364	0.582701062	0.568410463	0.568410463	0.567404427
840	0.555555556	0.586781029	0.570493454	0.570493454	0.568410463
841	0.554828974	0.585218703	0.570206341	0.570206341	0.567254408
842	0.554101661	0.585771948	0.570422535	0.570422535	0.567839196
843	0.555555556	0.586693548	0.570210632	0.570210632	0.567758186
844	0.555108203	0.58580775	0.570925553	0.570925553	0.568124686
845	0.556171285	0.58580775	0.56998993	0.56998993	0.568261965
846	0.556002009	0.584801208	0.571788413	0.571788413	0.568765743
847	0.55583501	0.582828283	0.570854271	0.570854271	0.568765743
848	0.555611475	0.584762866	0.569130216	0.569130216	0.567472306
849	0.554040404	0.582617484	0.56970307	0.56970307	0.567336683
850	0.556281407	0.585427136	0.568844221	0.568844221	0.569269521
851	0.556227937	0.584762866	0.568330812	0.568330812	0.566817953
852	0.558971774	0.58501006	0.571141277	0.571141277	0.56639839
853	0.557286432	0.585980837	0.573655103	0.573655103	0.568765743
854	0.558853119	0.585058051	0.569130216	0.569130216	0.565239295
855	0.55801105	0.586781029	0.571572074	0.571572074	0.568489714
856	0.560926485	0.585476551	0.572149344	0.572149344	0.566599395
857	0.557788945	0.586519115	0.573440644	0.573440644	0.5697733
858	0.556394763	0.588028169	0.570709612	0.570709612	0.568261965
859	0.555330975	0.587405542	0.572146807	0.572146807	0.566532258
860	0.556561086	0.586519115	0.573943662	0.573943662	0.567621921
861	0.556732224	0.586102719	0.572361809	0.572361809	0.56703629
862	0.556841046	0.584762866	0.574083375	0.574083375	0.5656769
863	0.558956347	0.585980837	0.574232511	0.574232511	0.566380616
864	0.558631102	0.586189516	0.572649573	0.572649573	0.567119155
865	0.557730924	0.587493696	0.57193159	0.57193159	0.563444109
866	0.559919436	0.588235294	0.572722698	0.572722698	0.567472306
867	0.55879397	0.586901763	0.575301205	0.575301205	0.567404427
868	0.558408862	0.586606244	0.575025176	0.575025176	0.563663815
869	0.55801105	0.587109768	0.574799197	0.574799197	0.565108095
870	0.558291457	0.58698941	0.575301205	0.575301205	0.564038172
871	0.556732224	0.586102719	0.57372924	0.57372924	0.565020161
872	0.55768262	0.587317564	0.575955734	0.575955734	0.564102564
873	0.559253656	0.585721468	0.574157868	0.574157868	0.564735516
874	0.557566616	0.58509567	0.574371859	0.574371859	0.565261044
875	0.55678392	0.587317564	0.573514602	0.573514602	0.566113625
876	0.557905337	0.586901763	0.57444668	0.57444668	0.567472306
877	0.55750879	0.58501006	0.572004028	0.572004028	0.566532258
878	0.555891239	0.583794665	0.572576595	0.572576595	0.567336683
879	0.555611475	0.584715938	0.571428571	0.571428571	0.567975831
880	0.555331992	0.584297937	0.571212884	0.571212884	0.56639839
881	0.556841046	0.583794665	0.570567554	0.570567554	0.565326633
882	0.558350101	0.584467978	0.57372924	0.57372924	0.568341709
883	0.557178841	0.586901763	0.570422535	0.570422535	0.568193256
884	0.55723651	0.583249243	0.572864322	0.572864322	0.567051733
885	0.558853119	0.585304479	0.570925553	0.570925553	0.566817953
886	0.555947581	0.585058051	0.572576595	0.572576595	0.566901408
887	0.558808682	0.586726998	0.572864322	0.572864322	0.566028226
888	0.557401813	0.586137619	0.572791165	0.572791165	0.566834171
889	0.558350101	0.585390428	0.573152338	0.573152338	0.5656769
890	0.559134373	0.586276488	0.575301205	0.575301205	0.566180171
891	0.558585859	0.586016097	0.575666164	0.575666164	0.565020161
892	0.559134373	0.586311022	0.572649573	0.572649573	0.564386318
893	0.559134373	0.587613293	0.57653575	0.57653575	0.565173629
894	0.558572147	0.588028169	0.572361809	0.572361809	0.569416499
895	0.5580222	0.587109768	0.573440644	0.573440644	0.566683442
896	0.558232932	0.586397985	0.573440644	0.573440644	0.570564516
897	0.558362809	0.586519115	0.574222668	0.574222668	0.570351759
898	0.559577677	0.58408862	0.574371859	0.574371859	0.571212884
899	0.560362173	0.58408862	0.575955734	0.575955734	0.570493454
900	0.557178841	0.58501006	0.57638191	0.57638191	0.570206341
901	0.559798995	0.583919598	0.575590156	0.575590156	0.572146807
902	0.56165073	0.584972264	0.574949698	0.574949698	0.571212884
903	0.562657272	0.583794665	0.575742325	0.575742325	0.571572074
904	0.56002009	0.584801208	0.576807229	0.576807229	0.57279597
905	0.561209068	0.58488665	0.576981323	0.576981323	0.572434608
906	0.560865191	0.58509567	0.58123108	0.58123108	0.571715145
907	0.560522351	0.585599194	0.578973843	0.578973843	0.572576595
908	0.561147458	0.583753784	0.576748868	0.576748868	0.571500504
909	0.562154001	0.585929648	0.57496214	0.57496214	0.572653885
910	0.561147458	0.585721468	0.575301205	0.575301205	0.573507275
911	0.561270802	0.586814293	0.574949698	0.574949698	0.57279597
912	0.562154001	0.586519115	0.574521652	0.574521652	0.572146807
913	0.561933535	0.587022133	0.574232511	0.574232511	0.573581115
914	0.561995968	0.585304479	0.572292191	0.572292191	0.574009032
915	0.560201511	0.585894207	0.57193159	0.57193159	0.575301205
916	0.561775088	0.587229764	0.571572074	0.571572074	0.574092742
917	0.560422961	0.586189516	0.572219426	0.572219426	0.573366834
918	0.562154001	0.585929648	0.573293173	0.573293173	0.572937626
919	0.563316583	0.587022133	0.569919517	0.569919517	0.573158426
920	0.564321608	0.587613293	0.570996979	0.570996979	0.571428571
921	0.563947633	0.588116818	0.573440644	0.573440644	0.570351759
922	0.567186714	0.588442211	0.574874372	0.574874372	0.570422535
923	0.56561086	0.586016097	0.574371859	0.574371859	0.572292191
924	0.563663815	0.58509567	0.574672048	0.574672048	0.570780856
925	0.564451158	0.582157258	0.575528701	0.575528701	0.573219659
926	0.565895372	0.582367758	0.574297189	0.574297189	0.572289157
927	0.56372796	0.585181452	0.573152338	0.573152338	0.573152338
928	0.565544952	0.584677419	0.573869347	0.573869347	0.574157868
929	0.565020161	0.586519115	0.572292191	0.572292191	0.573655103
930	0.565458207	0.584507042	0.57193159	0.57193159	0.571788413
931	0.564889336	0.585858586	0.574083375	0.574083375	0.575955734
932	0.566599395	0.58509567	0.571859296	0.571859296	0.573581115
933	0.565961732	0.58509567	0.575803213	0.575803213	0.57193159
934	0.566113625	0.586311022	0.574232511	0.574232511	0.572076613
935	0.567119155	0.58509567	0.573514602	0.573514602	0.572937626
936	0.56703629	0.587790111	0.573225969	0.573225969	0.574018127
937	0.565305093	0.58580775	0.571356531	0.571356531	0.570852244
938	0.565173629	0.584592145	0.572361809	0.572361809	0.570783133
939	0.56898288	0.585513078	0.571500504	0.571500504	0.56998993
940	0.566901408	0.584213172	0.57193159	0.57193159	0.573225969
941	0.566683442	0.583794665	0.573299748	0.573299748	0.572507553
942	0.56661639	0.584592145	0.571859296	0.571859296	0.573225969
943	0.566246851	0.583710407	0.573514602	0.573514602	0.573152338
944	0.566834171	0.583207642	0.573869347	0.573869347	0.573655103
945	0.56970307	0.582112178	0.571572581	0.571572581	0.571572581
946	0.569269521	0.582284852	0.571212884	0.571212884	0.57193159
947	0.56898288	0.583585096	0.571572074	0.571572074	0.571212884
948	0.568124686	0.585267407	0.573514602	0.573514602	0.574157868
949	0.568696527	0.584004024	0.573943662	0.573943662	0.573440644
950	0.569346734	0.584801208	0.575163399	0.575163399	0.573514602
951	0.569130216	0.584173387	0.574167508	0.574167508	0.573440644
952	0.566901408	0.584173387	0.574157868	0.574157868	0.572576595
953	0.567689985	0.582955119	0.576168929	0.576168929	0.572219426
954	0.568479355	0.585144012	0.575666164	0.575666164	0.572004028
955	0.568124686	0.584507042	0.575955734	0.575955734	0.571788413
956	0.568044355	0.585721468	0.57581864	0.57581864	0.572507553
957	0.567336683	0.587525151	0.577096936	0.577096936	0.573803526
958	0.567472306	0.587493696	0.577464789	0.577464789	0.573011078
959	0.565371025	0.586606244	0.574596774	0.574596774	0.572937626
960	0.567336683	0.588442211	0.575452716	0.575452716	0.572507553
961	0.567975831	0.586224233	0.575025176	0.575025176	0.572580645
962	0.56898288	0.587525151	0.575666164	0.575666164	0.571860817
963	0.568627451	0.589123867	0.57717446	0.57717446	0.571572581
964	0.569416499	0.588235294	0.578046324	0.578046324	0.571787149
965	0.570564516	0.589627392	0.576884422	0.576884422	0.574297189