0	0.953747468	0.944913822	0.946476965	0.948544347	0.952558455
1	0.953913927	0.944708277	0.946083418	0.947690217	0.953433039
2	0.952251947	0.942392409	0.947937796	0.947314752	0.950697042
3	0.954314721	0.943050847	0.945460705	0.946138211	0.949388587
4	0.952073419	0.942750678	0.946101695	0.945066124	0.949186992
5	0.950897392	0.94119635	0.94568907	0.94504749	0.947279486
6	0.953204476	0.941455161	0.948188283	0.945196211	0.944331297
7	0.950542005	0.943409014	0.949813496	0.946295037	0.943915704
8	0.948900169	0.942092787	0.951153324	0.944764487	0.94408675
9	0.949594046	0.940617577	0.948596551	0.946185286	0.94365241
10	0.949932341	0.938913264	0.947906027	0.948830905	0.941136441
11	0.948951995	0.93824228	0.947831978	0.947136564	0.94365241
12	0.945854484	0.937669377	0.947243828	0.944595513	0.940738232
13	0.944839255	0.937098411	0.946833728	0.944820582	0.942014242
14	0.942692438	0.937436591	0.94549763	0.944954128	0.939086294
15	0.941675144	0.937415426	0.946010187	0.946010187	0.940480216
16	0.938664859	0.937690484	0.94743981	0.943409014	0.941156578
17	0.939127494	0.937415426	0.945707499	0.942672999	0.941931128
18	0.938451133	0.938471941	0.945177665	0.940698068	0.941514537
19	0.938539898	0.940121786	0.94367153	0.940718157	0.939640556
20	0.938325991	0.936567164	0.941355932	0.938116287	0.93754243
21	0.937924016	0.937224296	0.939476369	0.937013207	0.938685637
22	0.939342596	0.934797297	0.937330623	0.932858596	0.937690484
23	0.937288136	0.932835821	0.936906377	0.930800543	0.937160326
24	0.932519498	0.929101958	0.936083869	0.929415738	0.937010555
25	0.932858596	0.92854724	0.934509671	0.926705124	0.937034529
26	0.93408087	0.927482209	0.931279621	0.928062436	0.935997291
27	0.932478055	0.926465605	0.931972789	0.927845528	0.932295193
28	0.933716605	0.926001358	0.926729986	0.926555593	0.933152358
29	0.934170343	0.929248477	0.927604871	0.925600271	0.933536792
30	0.934214988	0.929972936	0.929711375	0.92620176	0.932249322
31	0.933040243	0.926013514	0.92917655	0.924329827	0.929275757
32	0.929323819	0.923388458	0.924694708	0.921668362	0.929101958
33	0.929152542	0.92224476	0.925762712	0.919594595	0.928135593
34	0.927967535	0.919130139	0.925875553	0.920963365	0.927161334
35	0.926390773	0.918132612	0.926301555	0.923076923	0.925033921
36	0.926226734	0.917431193	0.924822215	0.922972973	0.924687606
37	0.925449	0.914893617	0.92450914	0.922086721	0.925211506
38	0.922554348	0.913851351	0.921853857	0.920651068	0.924738441
39	0.923233696	0.910968179	0.92172145	0.919403996	0.925
40	0.924278438	0.91301416	0.918270854	0.916441137	0.925084746
41	0.921302578	0.914120842	0.918077183	0.917260088	0.923336711
42	0.919661017	0.909708079	0.916977296	0.91426635	0.921168875
43	0.917655032	0.908139142	0.914295393	0.910762943	0.92195453
44	0.917372164	0.905922166	0.912618084	0.911164057	0.918928087
45	0.918505942	0.902744832	0.913880446	0.910104765	0.92
46	0.919633774	0.900608519	0.910817226	0.907952623	0.918726719
47	0.917372164	0.89935615	0.909614083	0.90736342	0.918187965
48	0.916638428	0.897435897	0.910417374	0.907801418	0.916242794
49	0.915202703	0.897158322	0.909646739	0.905359566	0.91598916
50	0.914799728	0.89559322	0.907369844	0.903630811	0.914749662
51	0.913161465	0.896178559	0.907275804	0.902273498	0.912304555
52	0.910690122	0.897966102	0.906049341	0.896446701	0.910260752
53	0.910043963	0.896924637	0.907181572	0.89530564	0.909306261
54	0.907307172	0.897357724	0.905455778	0.896200814	0.910442717
55	0.903443619	0.899526387	0.907885792	0.892881356	0.909090909
56	0.905538566	0.897876643	0.90440678	0.892760487	0.907702749
57	0.904536222	0.897357724	0.905487805	0.891296986	0.905858449
58	0.903422569	0.899966205	0.903651116	0.890958347	0.90352065
59	0.901960784	0.901050491	0.902513587	0.886747803	0.90182803
60	0.901217862	0.901080351	0.899728076	0.887085869	0.901894452
61	0.900879567	0.901861252	0.899088761	0.885501355	0.898201561
62	0.898373984	0.900337838	0.897401282	0.884171196	0.898781313
63	0.896924637	0.9	0.895199459	0.882852292	0.899864682
64	0.89678511	0.897696477	0.893826323	0.883949779	0.898918188
65	0.895144976	0.895678596	0.893703453	0.88568521	0.895396073
66	0.894451962	0.896283784	0.892239919	0.882831019	0.897053844
67	0.893509128	0.891708968	0.889976375	0.882691007	0.894540522
68	0.889830508	0.890132248	0.888436758	0.880652839	0.893811295
69	0.888175676	0.888587877	0.887162162	0.879918589	0.895289732
70	0.886556045	0.886938913	0.884901828	0.881040892	0.894217687
71	0.887162162	0.884537475	0.882014875	0.881378844	0.895128552
72	0.886664404	0.885030344	0.880920162	0.876740238	0.890239784
73	0.884342239	0.883406556	0.87926953	0.877110061	0.88937903
74	0.881016949	0.881121243	0.878520529	0.875	0.889715832
75	0.880040664	0.877908938	0.877751439	0.871742809	0.889753128
76	0.881716796	0.875971612	0.87744767	0.873263301	0.891296986
77	0.878972279	0.874703691	0.876568328	0.873182279	0.889077918
78	0.879538514	0.87369132	0.873769936	0.87369132	0.889755767
79	0.878040541	0.872881356	0.870815015	0.874154263	0.888062225
80	0.874873182	0.87195122	0.869976359	0.870967742	0.8850186
81	0.875379939	0.869241192	0.87195122	0.869697998	0.884967764
82	0.875211363	0.869800473	0.869579946	0.868492224	0.883728814
83	0.875677507	0.868251273	0.867388363	0.86662153	0.883989145
84	0.875635378	0.866576363	0.864745763	0.864205892	0.882054748
85	0.872708758	0.865267434	0.862478778	0.863421231	0.880541455
86	0.873684211	0.862139219	0.859601755	0.85990502	0.878510998
87	0.871404399	0.861835422	0.860725178	0.856949153	0.877792823
88	0.871864407	0.859221658	0.860810811	0.854378819	0.87669837
89	0.869079838	0.859322034	0.859702502	0.85501355	0.874066531
90	0.866418668	0.857819905	0.859601755	0.852564103	0.870345295
91	0.867662029	0.858060155	0.858158429	0.852581522	0.868669818
92	0.867319379	0.859655056	0.855401287	0.849509638	0.86655348
93	0.867005076	0.859174001	0.853600543	0.847142374	0.864452728
94	0.866014175	0.859174001	0.85338726	0.846075778	0.8643608
95	0.867274569	0.860669598	0.850594228	0.846310088	0.862698681
96	0.866983373	0.861590525	0.850340136	0.844850949	0.861507128
97	0.866960054	0.860418071	0.849542528	0.845997286	0.861345959
98	0.864159892	0.85959596	0.846569787	0.845580765	0.858983051
99	0.861195542	0.858158429	0.845399188	0.844769022	0.859316875
100	0.858353101	0.858398107	0.843569732	0.844594595	0.85665876
101	0.857481381	0.856319892	0.845685279	0.847198642	0.858449035
102	0.855401287	0.855694491	0.844587716	0.846231835	0.855303287
103	0.854680635	0.854876814	0.843243243	0.844331641	0.852442334
104	0.850862361	0.854054054	0.842426296	0.84375	0.852314971
105	0.850690934	0.851501856	0.841355932	0.843792173	0.851726473
106	0.852265044	0.84962913	0.839297772	0.842016238	0.852851839
107	0.850236646	0.844640434	0.840663058	0.840176451	0.854533153
108	0.84962913	0.844309355	0.839581223	0.836437521	0.852692177
109	0.848525923	0.841430499	0.842692828	0.835588633	0.851135978
110	0.846907739	0.84120027	0.84040747	0.83327697	0.849389417
111	0.844798373	0.840080972	0.838644068	0.83248731	0.848782138
112	0.841677943	0.837728195	0.840555179	0.829837618	0.846517918
113	0.841055123	0.837044534	0.839606646	0.829996607	0.845060893
114	0.837381916	0.837783035	0.837107131	0.827807848	0.842692828
115	0.834627067	0.836308521	0.838503034	0.825101488	0.839255499
116	0.833840948	0.835472973	0.836996956	0.822395129	0.838709677
117	0.833107651	0.835023665	0.837288136	0.823050847	0.834797297
118	0.830519919	0.833672087	0.834856176	0.820652174	0.833784699
119	0.828051247	0.830399458	0.832712496	0.822913146	0.832542373
120	0.82790224	0.827294277	0.832882273	0.822477219	0.832600609
121	0.826792963	0.826395939	0.831924248	0.825895876	0.831864407
122	0.823529412	0.825557809	0.831313131	0.824347236	0.828716216
123	0.822575194	0.827143822	0.82883187	0.822993931	0.828581127
124	0.822237242	0.824383654	0.825101488	0.820642978	0.828484438
125	0.820729237	0.824881677	0.822477219	0.820608108	0.826662144
126	0.820373514	0.824324324	0.821573948	0.818089431	0.824966079
127	0.821223386	0.822891974	0.822493225	0.815816154	0.824602906
128	0.820087927	0.823032759	0.820426108	0.814000676	0.825219743
129	0.817197021	0.821549966	0.818644068	0.815744825	0.820729237
130	0.814839798	0.820087927	0.816582064	0.811633412	0.820981387
131	0.810893099	0.820512821	0.815290934	0.810315575	0.818950931
132	0.809861533	0.819566689	0.814401623	0.809232858	0.817379498
133	0.809072444	0.816243655	0.811167513	0.807379824	0.815353399
134	0.807082631	0.814048185	0.809007789	0.808005427	0.815316842
135	0.806146572	0.81345049	0.808395396	0.80500169	0.814426007
136	0.80642978	0.810344828	0.809556083	0.803583502	0.813765182
137	0.807261622	0.809604329	0.805884342	0.80074551	0.814324508
138	0.805423729	0.808330511	0.803050847	0.79912073	0.814251942
139	0.805527469	0.80802969	0.800611413	0.8	0.813622501
140	0.806025728	0.808510638	0.80331193	0.796880298	0.811971593
141	0.804127199	0.804597701	0.801689189	0.794663965	0.810472973
142	0.804054054	0.805471125	0.800542741	0.792893401	0.809942509
143	0.801893171	0.804391892	0.800067659	0.790666216	0.808575287
144	0.8	0.802498312	0.796208531	0.789509306	0.805949966
145	0.79919001	0.805264934	0.795608108	0.78897209	0.804597701
146	0.796890842	0.803040541	0.792510121	0.789687924	0.804787593
147	0.795254237	0.799323181	0.791891892	0.789455897	0.802227472
148	0.796028273	0.795952782	0.788656313	0.786996275	0.801956815
149	0.791878173	0.795876985	0.786608049	0.784844384	0.800067659
150	0.788442041	0.795123603	0.786414329	0.785496442	0.799051169
151	0.787868519	0.793161814	0.786463621	0.783948527	0.796415286
152	0.784532253	0.790344362	0.781990521	0.783197832	0.795184808
153	0.781376518	0.790524535	0.782814614	0.783929777	0.792554992
154	0.780189959	0.789331533	0.782916948	0.782241729	0.789170897
155	0.78010118	0.788656313	0.782198247	0.778153534	0.786269868
156	0.779431664	0.789455897	0.778829895	0.779884863	0.78728441
157	0.778453225	0.787889039	0.777965529	0.778116531	0.782255334
158	0.776498476	0.786316144	0.777627577	0.77578627	0.784340196
159	0.776990553	0.787786775	0.778566599	0.774074074	0.781016949
160	0.77612445	0.783536585	0.777965529	0.770614184	0.778191669
161	0.775489534	0.782081509	0.775792313	0.769516729	0.777740189
162	0.775151924	0.78277027	0.773171554	0.764905149	0.775337838
163	0.771409305	0.780297901	0.772834513	0.762774958	0.774762551
164	0.770320405	0.78173795	0.769854681	0.764189189	0.775558565
165	0.768659237	0.781039136	0.770010132	0.763790186	0.773247978
166	0.763015551	0.777515192	0.770397842	0.761178862	0.775745257
167	0.761470985	0.775978408	0.769750169	0.760472973	0.774171738
168	0.76140588	0.773419006	0.76722973	0.757627119	0.774095367
169	0.760568143	0.770713561	0.767206478	0.755240027	0.772635135
170	0.760229963	0.769594595	0.76402975	0.75608931	0.772190348
171	0.758597438	0.769152886	0.762289562	0.755940258	0.771621622
172	0.75853906	0.766598916	0.761112996	0.755998648	0.770502869
173	0.755668359	0.766014835	0.759959487	0.756254226	0.76881539
174	0.755157254	0.764606552	0.756838906	0.75405954	0.76675694
175	0.753466351	0.765043949	0.75608931	0.751519244	0.767308342
176	0.752290465	0.761840325	0.756610169	0.748138118	0.767826969
177	0.751012146	0.761647535	0.754901961	0.747546531	0.7653234
178	0.749154834	0.758445946	0.7563366	0.74440678	0.765281999
179	0.749324324	0.756097561	0.753123945	0.744327802	0.761470985
180	0.744939271	0.756163458	0.750422155	0.743494424	0.760634706
181	0.741041244	0.752865813	0.750675676	0.743252362	0.758504547
182	0.739864865	0.751859364	0.750253122	0.742066172	0.756492411
183	0.737588652	0.751854349	0.747386172	0.739512855	0.753711201
184	0.736219141	0.748138118	0.746450304	0.74110471	0.750760906
185	0.735740803	0.747635135	0.741902834	0.742644572	0.749831195
186	0.732749916	0.748060708	0.740640809	0.743398781	0.749662162
187	0.729180772	0.747638327	0.74163003	0.740540541	0.749661705
188	0.729821006	0.747211896	0.74291498	0.739688979	0.749324324
189	0.733040837	0.748484848	0.74275118	0.737233683	0.749072513
190	0.735045624	0.747808496	0.741192412	0.738451087	0.748143147
191	0.732384824	0.748055462	0.739952719	0.735951253	0.743494424
192	0.731015862	0.743088334	0.740215924	0.736628301	0.74163003
193	0.727886563	0.741029113	0.739439	0.737804878	0.738248225
194	0.726013514	0.740815639	0.740790808	0.732499155	0.736308316
195	0.725364037	0.738207547	0.737982397	0.729082321	0.73308525
196	0.722428331	0.737445231	0.73605948	0.727886563	0.733805668
197	0.723475918	0.733040837	0.73439082	0.7281652	0.73160027
198	0.721001015	0.731403568	0.732160974	0.728132388	0.729244324
199	0.719055649	0.726290921	0.731418919	0.728716216	0.73202835
200	0.721339195	0.726106045	0.731222634	0.725245015	0.729665879
201	0.719796954	0.726013514	0.728779168	0.719932432	0.73037889
202	0.719499831	0.723238482	0.727211344	0.718918919	0.730899256
203	0.71982468	0.72404464	0.727242077	0.716312057	0.731171901
204	0.718676123	0.723123732	0.725337838	0.716841039	0.731459533
205	0.716554054	0.720647773	0.72430064	0.714769648	0.727946128
206	0.714237517	0.720513687	0.721489002	0.714864865	0.724881996
207	0.710757781	0.717706577	0.72394082	0.712305612	0.724966171
208	0.707937585	0.715491056	0.71986532	0.709939148	0.726904922
209	0.706060606	0.716216216	0.718560861	0.712064887	0.722915964
210	0.706716166	0.715348208	0.712837838	0.708728011	0.722410291
211	0.703441296	0.714333895	0.712218108	0.709459459	0.719582069
212	0.704713805	0.715008432	0.711395819	0.708150152	0.718771101
213	0.702666217	0.713031735	0.712310287	0.708150152	0.715397631
214	0.70074224	0.716016151	0.709318028	0.70679743	0.714043993
215	0.696488859	0.715493911	0.709525412	0.706279541	0.713466082
216	0.699628755	0.713028765	0.709329741	0.706937394	0.711291413
217	0.698004735	0.707925801	0.708754209	0.707448601	0.709078637
218	0.697737251	0.70637867	0.703641268	0.706279541	0.708108108
219	0.694641052	0.704813194	0.705227656	0.707910751	0.706995607
220	0.695916301	0.701421801	0.70455312	0.706855792	0.705227656
221	0.696283784	0.702192243	0.701718908	0.704989885	0.704576043
222	0.698616267	0.700673401	0.699022582	0.701653729	0.705782888
223	0.697807757	0.698917456	0.696151249	0.700880759	0.705564924
224	0.697768763	0.697359513	0.694256757	0.697000337	0.704790823
225	0.696591293	0.696898179	0.693086003	0.693319838	0.70212766
226	0.696121417	0.698921106	0.695064233	0.689422102	0.700505902
227	0.695652174	0.697878073	0.693423272	0.689480782	0.698648649
228	0.696826469	0.696326255	0.69404241	0.688933873	0.698278772
229	0.69484675	0.691919192	0.690492245	0.688215488	0.6979482
230	0.697225981	0.691062395	0.690645052	0.683372841	0.696078431
231	0.690982776	0.694145357	0.690411884	0.679756263	0.694463201
232	0.690131357	0.694772344	0.689841377	0.679621494	0.693243243
233	0.6908294	0.69179004	0.688237277	0.677691529	0.694228822
234	0.691037736	0.688640974	0.686994609	0.679461279	0.694566318
235	0.689143628	0.689817937	0.687100034	0.679054054	0.692515172
236	0.686552073	0.688956434	0.685858586	0.679905756	0.694435076
237	0.686592367	0.689016173	0.684973046	0.678559408	0.693918919
238	0.686446392	0.690131357	0.684334909	0.676013514	0.692151556
239	0.682448427	0.687394958	0.686340641	0.678607638	0.691111862
240	0.684228301	0.686657682	0.68476062	0.675775978	0.690211907
241	0.684192787	0.685819892	0.684210526	0.67510976	0.687943262
242	0.683749157	0.682491582	0.684797297	0.679837893	0.68882889
243	0.680757525	0.681618887	0.683676918	0.680053999	0.689946019
244	0.679703304	0.674983142	0.680175616	0.679621494	0.688070294
245	0.678402167	0.675008455	0.677582714	0.677234401	0.68739439
246	0.677441077	0.673648649	0.677994616	0.673869007	0.686466419
247	0.673421142	0.674686547	0.67611336	0.671732523	0.687478907
248	0.675084175	0.674316571	0.676022996	0.671848597	0.683890578
249	0.675092686	0.6756393	0.674089069	0.669480081	0.679270763
250	0.673076923	0.676103809	0.672733401	0.670381628	0.679004038
251	0.671283784	0.675766768	0.671606602	0.667228591	0.678342876
252	0.67026298	0.672285907	0.672494956	0.664075701	0.674629879
253	0.669362993	0.670826307	0.668238464	0.664753545	0.673421142
254	0.667116358	0.669254134	0.668914363	0.662508429	0.669820885
255	0.665878378	0.669144981	0.671370968	0.662280702	0.668467252
256	0.669700034	0.667451244	0.669254134	0.663168585	0.668461797
257	0.665655544	0.665545087	0.666215759	0.665204185	0.668016194
258	0.663962137	0.663292848	0.667339388	0.665654521	0.667564837
259	0.660593792	0.660141748	0.667004049	0.6625	0.665541681
260	0.660033727	0.661512605	0.665656566	0.661159811	0.663172134
261	0.659481307	0.662390277	0.664979757	0.660925363	0.664186676
262	0.659939455	0.662622177	0.664309764	0.660606061	0.659021922
263	0.658479139	0.660714286	0.664425017	0.659755269	0.657335582
264	0.659021922	0.659818121	0.659925851	0.66025641	0.658692722
265	0.656344665	0.658470866	0.65902965	0.657761245	0.656661046
266	0.653833164	0.655450875	0.660047122	0.65959596	0.656048797
267	0.651954178	0.65532345	0.657584931	0.658700774	0.653755473
268	0.652422611	0.654649596	0.65767285	0.657788267	0.653391833
269	0.65141319	0.652320108	0.655682582	0.659106297	0.653432032
270	0.652730951	0.650911546	0.655230407	0.659144493	0.656786797
271	0.651515152	0.64802964	0.654183536	0.656534954	0.656902357
272	0.650590219	0.645595158	0.654208754	0.655859507	0.655892256
273	0.649376895	0.643243243	0.653418659	0.655195682	0.657806191
274	0.651969034	0.642977433	0.652834008	0.650236327	0.655776356
275	0.649814628	0.641942009	0.652393796	0.646740966	0.655462185
276	0.650857719	0.641680672	0.648210668	0.646325017	0.654249915
277	0.648484848	0.639366363	0.650050522	0.644932432	0.651969034
278	0.648166835	0.640229497	0.650118203	0.64389584	0.652379345
279	0.645411606	0.638383838	0.648548278	0.643002028	0.653495441
280	0.644519393	0.64040404	0.64733648	0.642953473	0.652027027
281	0.642279164	0.640256237	0.647375505	0.642736771	0.651909429
282	0.640999662	0.641120864	0.645150389	0.639123103	0.650756303
283	0.639797639	0.640619737	0.642881185	0.639648767	0.648347943
284	0.635995956	0.640525076	0.640040445	0.639824798	0.649341883
285	0.636148649	0.638776882	0.638627187	0.639892001	0.645411606
286	0.636731938	0.637559002	0.6372516	0.639892001	0.645945946
287	0.635107817	0.633120162	0.636792453	0.638542018	0.644227533
288	0.636363636	0.632680621	0.635107817	0.634426784	0.642183288
289	0.634920635	0.632343011	0.63562753	0.634237288	0.641871424
290	0.632941176	0.629455279	0.636363636	0.635381499	0.638598855
291	0.63403106	0.62764884	0.633175995	0.636884693	0.639029323
292	0.634835239	0.630515325	0.631188953	0.63534978	0.638505554
293	0.63370333	0.628907563	0.633142086	0.633175995	0.635504556
294	0.632021527	0.626976118	0.63030303	0.63366002	0.634647792
295	0.630800269	0.626639758	0.629130142	0.633243607	0.633175995
296	0.630252101	0.624285234	0.629391892	0.632715008	0.63280459
297	0.629228687	0.621712744	0.629878869	0.632556569	0.630976431
298	0.627609428	0.623149394	0.627867746	0.632343011	0.62980445
299	0.624240378	0.622184874	0.626765299	0.632075472	0.629292929
300	0.623354708	0.622387053	0.624495289	0.630118443	0.62764884
301	0.62201279	0.621803499	0.623775751	0.627530364	0.627609428
302	0.617845118	0.619784657	0.622812921	0.626095752	0.629504884
303	0.619433198	0.619239825	0.61989882	0.623183508	0.629205922
304	0.620364127	0.619159664	0.618004046	0.623315364	0.627946128
305	0.616885301	0.618022865	0.61907961	0.622049899	0.627490713
306	0.61569552	0.619675456	0.616841393	0.623905724	0.627021563
307	0.616705962	0.617587601	0.613445378	0.620736238	0.627695418
308	0.614892183	0.617379589	0.613261528	0.621303763	0.629579832
309	0.611297915	0.614789916	0.61392833	0.619609164	0.627576884
310	0.60976431	0.615332658	0.609459459	0.619594595	0.629642134
311	0.607744108	0.614814815	0.608915907	0.618709895	0.627192982
312	0.608358611	0.614789916	0.610363392	0.61989882	0.625632378
313	0.606518817	0.615074024	0.608563722	0.620538721	0.62962963
314	0.606745363	0.61204576	0.60768453	0.617329737	0.628657921
315	0.607407407	0.610849057	0.608607935	0.617329737	0.627569936
316	0.60719086	0.608417508	0.607948804	0.616267297	0.627358491
317	0.606336367	0.607202962	0.607322808	0.616942288	0.623692204
318	0.605121294	0.606673407	0.607757167	0.616086516	0.623862487
319	0.607275177	0.604314122	0.605947955	0.618758435	0.621166161
320	0.605254294	0.603158602	0.603576248	0.617279784	0.618806876
321	0.608812647	0.602555481	0.601351351	0.617300572	0.619623656
322	0.607070707	0.602698145	0.602490744	0.615514334	0.617875211
323	0.604863222	0.603570226	0.601886157	0.617825793	0.615280595
324	0.606121763	0.604040404	0.598115113	0.615851602	0.616942288
325	0.602633356	0.604180715	0.596692541	0.616267297	0.613881402
326	0.605999326	0.604917481	0.595286195	0.614814815	0.614401077
327	0.60443996	0.604971448	0.595830531	0.615047233	0.615773509
328	0.604580667	0.604321404	0.596290051	0.611598112	0.61287062
329	0.605652759	0.603222558	0.595077546	0.610529868	0.610661269
330	0.603900471	0.600201748	0.595214021	0.609797297	0.60907563
331	0.603094517	0.596231494	0.593876178	0.607829902	0.605752961
332	0.601011804	0.594685503	0.59222973	0.608651571	0.607757167
333	0.599461461	0.594476255	0.595486696	0.607552259	0.605316285
334	0.598655462	0.59508583	0.592193809	0.608768971	0.60309973
335	0.596763318	0.595077546	0.591231029	0.610774411	0.601351351
336	0.598788287	0.595286195	0.591046786	0.608313619	0.602490744
337	0.598788287	0.592056547	0.587322994	0.606745363	0.602425876
338	0.595543552	0.591430499	0.589700438	0.607010448	0.598850963
339	0.596567968	0.591016548	0.58805668	0.605192178	0.599461461
340	0.594139441	0.590847914	0.587125042	0.606601549	0.59756921
341	0.593140551	0.59220692	0.588334457	0.607142857	0.596562184
342	0.591093117	0.591383373	0.586890756	0.604651163	0.596899225
343	0.590252101	0.591123067	0.584201681	0.603907039	0.594549125
344	0.589363851	0.59171996	0.584148398	0.603040541	0.592780027
345	0.587044534	0.591108117	0.58226998	0.602356902	0.592929293
346	0.588690677	0.592667339	0.581277459	0.60311021	0.594868332
347	0.588136164	0.591093117	0.578858494	0.603709949	0.593665768
348	0.586369771	0.591829845	0.577531113	0.603977081	0.592180654
349	0.587799124	0.590174966	0.575951499	0.602092474	0.59320323
350	0.587897228	0.590191468	0.576923077	0.600605653	0.592729721
351	0.588413607	0.591031693	0.575706595	0.598988196	0.592008059
352	0.589165545	0.591795562	0.577725437	0.597639123	0.591506572
353	0.586927224	0.592105263	0.577156334	0.596763318	0.591535102
354	0.583221024	0.591123067	0.575420875	0.596296296	0.588948787
355	0.581677332	0.591932773	0.576288313	0.595205942	0.587660148
356	0.581598388	0.589760862	0.575471698	0.595350404	0.588769334
357	0.580753701	0.58728557	0.57470489	0.596692541	0.586334567
358	0.580242751	0.583698215	0.573648649	0.59487698	0.583080553
359	0.579373104	0.583221024	0.570562479	0.591383373	0.583361401
360	0.578061911	0.583081571	0.57037037	0.591062965	0.583894879
361	0.576328178	0.580438449	0.570948218	0.591520861	0.581090175
362	0.576728499	0.578699023	0.568250758	0.591201354	0.579939414
363	0.57696194	0.576612903	0.567103935	0.589147287	0.580579906
364	0.576339737	0.572055349	0.568640646	0.587698547	0.580840336
365	0.573924731	0.572874494	0.567340067	0.586824324	0.579461279
366	0.573980452	0.572822065	0.567294751	0.586369771	0.581646424
367	0.57258609	0.571572581	0.56671159	0.585472973	0.58122256
368	0.575808625	0.573113208	0.562584118	0.585439838	0.574907
369	0.576391231	0.57277628	0.560631508	0.585020243	0.575951499
370	0.576196898	0.572102426	0.559475806	0.582039163	0.573974445
371	0.578699023	0.572052402	0.560967417	0.579939414	0.574173972
372	0.577702703	0.571861326	0.561279461	0.578716216	0.57441782
373	0.577650236	0.570707071	0.561197041	0.581529093	0.573351279
374	0.57648248	0.570128119	0.562100303	0.578805265	0.574840229
375	0.577635568	0.573060128	0.561385806	0.578398385	0.571380358
376	0.577545516	0.571428571	0.558319328	0.57788267	0.569790964
377	0.574797844	0.570900538	0.559419311	0.577545516	0.568013468
378	0.576522032	0.570273003	0.560728745	0.575859744	0.567967699
379	0.574367622	0.571044676	0.558912387	0.577545516	0.566509115
380	0.57330637	0.57330637	0.558170814	0.577987846	0.566374663
381	0.571332209	0.57301855	0.556787634	0.577972381	0.564983165
382	0.572147651	0.572724219	0.554695389	0.578024941	0.565700809
383	0.568250758	0.571236559	0.554658594	0.575092811	0.563047876
384	0.56907563	0.571140262	0.556340397	0.575277871	0.562078273
385	0.56671159	0.571620262	0.555368563	0.573693086	0.562962963
386	0.566913248	0.569603228	0.554921061	0.575379427	0.561952862
387	0.567294751	0.566655417	0.555630252	0.573930616	0.559892328
388	0.568534774	0.569798658	0.553721792	0.57258609	0.561066127
389	0.568250758	0.567975831	0.554172275	0.570753124	0.558249158
390	0.568930733	0.564249578	0.551247471	0.570320405	0.560376724
391	0.569402229	0.564456412	0.552107926	0.569594595	0.558476576
392	0.571524739	0.563550773	0.554281861	0.567959528	0.559419311
393	0.569116655	0.563257066	0.554172275	0.568495456	0.55959596
394	0.566464238	0.561975143	0.553277311	0.566362715	0.560753955
395	0.566857528	0.560606061	0.552178318	0.569163293	0.560391363
396	0.565275908	0.559060403	0.549865229	0.567485695	0.560350641
397	0.562247645	0.558327714	0.55003358	0.567667904	0.558546433
398	0.559973046	0.557951482	0.549764627	0.567531155	0.559407607
399	0.556979096	0.559299191	0.550050556	0.566700439	0.554993252
400	0.557128413	0.557498319	0.549476528	0.566317921	0.555780249
401	0.558664869	0.554545455	0.549276825	0.5661839	0.556530543
402	0.556266846	0.555892256	0.547290475	0.565584855	0.554395419
403	0.556787634	0.55495617	0.546769852	0.564249578	0.555143339
404	0.554843064	0.554771505	0.546065905	0.564292946	0.553313152
405	0.554505569	0.554732233	0.549210615	0.562457799	0.550910317
406	0.554545455	0.550807537	0.549191375	0.55959596	0.551445864
407	0.554208754	0.55141129	0.546832884	0.559945964	0.549983171
408	0.553055742	0.54897341	0.546985517	0.558893014	0.549983171
409	0.552861953	0.549865229	0.546464646	0.557166948	0.547233468
410	0.549039434	0.551117129	0.545546218	0.555931058	0.545025295
411	0.551329519	0.551061678	0.545117845	0.555518056	0.545851528
412	0.551398719	0.553456998	0.541722746	0.553721792	0.545975076
413	0.548821549	0.553758005	0.542818611	0.549798116	0.547627062
414	0.54929102	0.55233928	0.541343233	0.551386072	0.545822102
415	0.549764627	0.55282638	0.541442049	0.550489699	0.545301448
416	0.546738399	0.552746882	0.540713324	0.551468107	0.544841537
417	0.547691271	0.55222372	0.540558734	0.550724638	0.541778976
418	0.544567777	0.550992932	0.540795684	0.550016841	0.541414141
419	0.544444444	0.550958628	0.541666667	0.549680027	0.542059219
420	0.542087542	0.548267743	0.543588018	0.549105636	0.540349697
421	0.544018817	0.545669026	0.541933311	0.547843666	0.539136302
422	0.544008125	0.546339825	0.541204171	0.547940581	0.537685061
423	0.544594595	0.548755884	0.541160594	0.547755653	0.541077441
424	0.543865546	0.547080661	0.538306452	0.547418157	0.535244519
425	0.543193277	0.544231416	0.537891546	0.545669026	0.538047138
426	0.541132839	0.545851528	0.535870664	0.544197031	0.541022192
427	0.53988556	0.546065905	0.535870664	0.543889264	0.539083558
428	0.541315346	0.54539341	0.536568925	0.542760943	0.538202625
429	0.541022192	0.547163478	0.537995965	0.542201215	0.537012113
430	0.539083558	0.547651007	0.535846516	0.541835358	0.534656797
431	0.540349697	0.545148248	0.536231884	0.541497976	0.533692722
432	0.540195089	0.545087483	0.534969738	0.542059219	0.530997305
433	0.54270343	0.542818611	0.535666218	0.542481457	0.532144059
434	0.540558734	0.542674731	0.53402965	0.541835358	0.531986532
435	0.537112011	0.54135844	0.53315382	0.54001345	0.532008086
436	0.536856277	0.54006734	0.532974428	0.539629005	0.532187395
437	0.537298387	0.539548973	0.532773109	0.539837947	0.534523409
438	0.534680135	0.542213253	0.530997305	0.539858729	0.532546374
439	0.535509929	0.541148808	0.529828109	0.539966273	0.530364372
440	0.535509929	0.538021534	0.52899528	0.540668242	0.53032345
441	0.534163581	0.537273338	0.528422469	0.538331645	0.529530881
442	0.53283934	0.538047138	0.528301887	0.540330746	0.528936743
443	0.534209639	0.538202625	0.530006743	0.539811066	0.529332434
444	0.534232715	0.537217918	0.526936027	0.539420485	0.531313131
445	0.533490407	0.536446087	0.525748906	0.53879892	0.530543368
446	0.533243788	0.536134454	0.525714286	0.541022192	0.530241935
447	0.533512967	0.530502191	0.525480931	0.540695711	0.529986523
448	0.532616005	0.53230148	0.526262626	0.539629005	0.528619529
449	0.531155271	0.530557421	0.526722689	0.53892821	0.526635199
450	0.530756303	0.529372273	0.528365223	0.539891819	0.525908479
451	0.532616005	0.525378151	0.526386555	0.540349697	0.525641026
452	0.531176272	0.526067945	0.525201613	0.537707136	0.527309508
453	0.53157717	0.525218561	0.524899058	0.538305771	0.526244953
454	0.532907992	0.523521505	0.525838926	0.53679946	0.526776692
455	0.531355361	0.522177419	0.528301887	0.536002692	0.525801012
456	0.5332885	0.521651561	0.525943396	0.536051213	0.526899798
457	0.532323232	0.521841398	0.527272727	0.53617309	0.527927322
458	0.533064787	0.521373275	0.525943396	0.535268309	0.5269179
459	0.532209106	0.523455957	0.526032919	0.533624748	0.52425876
460	0.533131517	0.523216689	0.524722503	0.531965007	0.525537634
461	0.530934768	0.522016807	0.524595687	0.530205872	0.525058863
462	0.532502526	0.520714045	0.523921833	0.529292929	0.522413212
463	0.529054054	0.521972492	0.524193548	0.527787134	0.523408555
464	0.52996633	0.522383036	0.521022536	0.527505906	0.522543742
465	0.529589778	0.522413212	0.51936679	0.526794742	0.522076171
466	0.529134389	0.522704339	0.51952862	0.526351351	0.522016807
467	0.527027027	0.521212121	0.516302521	0.527309508	0.522895623
468	0.524722503	0.520336134	0.515110813	0.528086108	0.523616734
469	0.524369748	0.520134228	0.514141414	0.526936027	0.520903574
470	0.524402558	0.520363514	0.512622013	0.526758667	0.520566419
471	0.518893387	0.520188425	0.514602216	0.524451939	0.519663866
472	0.51936679	0.517148621	0.51345895	0.526740666	0.520980195
473	0.519191919	0.514765101	0.514478114	0.5243079	0.517369309
474	0.520538721	0.514978122	0.513250587	0.523616734	0.517310924
475	0.518120805	0.513122476	0.514478114	0.522267206	0.516357504
476	0.519179004	0.511956888	0.515519568	0.521885522	0.518181818
477	0.52014775	0.512104909	0.515110813	0.52074199	0.519055649
478	0.520511096	0.51043771	0.514631685	0.522046449	0.519029976
479	0.521680672	0.509915966	0.512613522	0.519392917	0.519029976
480	0.519918974	0.508582969	0.511964948	0.520903574	0.519502354
481	0.520903574	0.510423672	0.511956888	0.52190027	0.516835017
482	0.522207268	0.508069939	0.512080537	0.522282242	0.519166106
483	0.521315878	0.508907563	0.512466307	0.522135857	0.518043845
484	0.520013454	0.509757739	0.512622013	0.519029976	0.518829859
485	0.51753203	0.510416667	0.514487871	0.518218623	0.515335356
486	0.517995291	0.509770889	0.511268079	0.518230925	0.518543493
487	0.517821116	0.51092437	0.510595358	0.51819407	0.515640767
488	0.517520216	0.510272819	0.508919556	0.518043845	0.513340088
489	0.516649849	0.507065949	0.507915123	0.51969034	0.513295187
490	0.515998653	0.508931581	0.509408602	0.517893315	0.512432796
491	0.515314709	0.507563025	0.507733692	0.518381113	0.511111111
492	0.514131898	0.507738896	0.505217099	0.516694772	0.512277161
493	0.513449899	0.507909795	0.504032258	0.517020559	0.509757739
494	0.51128326	0.506384409	0.501515662	0.517917512	0.507728495
495	0.510107817	0.506235254	0.501846257	0.514160486	0.507593655
496	0.510300574	0.506218487	0.501008742	0.512137559	0.506729475
497	0.51160444	0.504534767	0.501008742	0.510465901	0.508064516
498	0.51128326	0.505047106	0.50016818	0.509612142	0.506052455
499	0.511103634	0.503865546	0.50134499	0.513019953	0.505224132
500	0.510774411	0.505217099	0.500167954	0.513486177	0.504540868
501	0.51010101	0.50554995	0.500842602	0.514690983	0.50286099
502	0.510602491	0.504877228	0.502702703	0.51417004	0.501009421
503	0.511784512	0.505206584	0.503357958	0.514150943	0.498990579
504	0.511792453	0.505716207	0.504207338	0.513631774	0.498991935
505	0.511111111	0.503364738	0.503531786	0.516498316	0.500504541
506	0.512466307	0.504037685	0.504380054	0.51732257	0.501682369
507	0.510623946	0.50403497	0.504713805	0.517381033	0.50402955
508	0.509777478	0.504037685	0.501344086	0.516357504	0.503865546
509	0.511948839	0.502187816	0.49865501	0.515682968	0.503030303
510	0.510416667	0.498145025	0.5	0.513495277	0.504204507
511	0.511268079	0.498315364	0.501174891	0.512137559	0.505723906
512	0.509414929	0.497810711	0.500672495	0.513486177	0.508080808
513	0.508257499	0.497985225	0.497812184	0.516649849	0.505561173
514	0.508091706	0.497152429	0.49563172	0.512820513	0.50588631
515	0.511424731	0.497478992	0.497646268	0.514487871	0.505387205
516	0.512751678	0.500504541	0.497815126	0.512794613	0.504371217
517	0.510252101	0.498150017	0.496129249	0.514478114	0.503706199
518	0.511612252	0.498150017	0.497981157	0.512301989	0.505206584
519	0.51010101	0.497470489	0.498653199	0.5119811	0.50554995
520	0.51215395	0.498485358	0.499328408	0.511973019	0.502021563
521	0.511956888	0.497478992	0.498989899	0.513486177	0.503195425
522	0.511932773	0.497646268	0.500336247	0.510788941	0.500839772
523	0.511776581	0.499159664	0.500504202	0.512145749	0.502517623
524	0.511401744	0.499328408	0.498821945	0.512613522	0.501512605
525	0.511932773	0.497985225	0.500672948	0.512121212	0.500842602
526	0.511455526	0.494782901	0.502353732	0.510953825	0.498823529
527	0.513613445	0.499326146	0.502524403	0.512449529	0.501176471
528	0.512285426	0.496800269	0.503369272	0.512121212	0.500675219
529	0.510423672	0.497478992	0.502018843	0.512474713	0.502020202
530	0.51108871	0.496971736	0.50436828	0.512318596	0.501852476
531	0.51108871	0.499832046	0.503531786	0.512170385	0.502017485
532	0.511612252	0.499326599	0.501681237	0.51212938	0.502862917
533	0.512622013	0.498653199	0.500673854	0.509440324	0.501010782
534	0.513113652	0.498146276	0.498820357	0.509097035	0.501344086
535	0.514651398	0.499495798	0.500840901	0.512786003	0.503364738
536	0.512318596	0.498323273	0.498821945	0.509427609	0.503538928
537	0.512449529	0.496124031	0.49730821	0.50859454	0.503538928
538	0.513958964	0.498656817	0.496806723	0.507749326	0.503541315
539	0.513122476	0.497311828	0.495798319	0.508617776	0.503708699
540	0.511133603	0.497142857	0.496137051	0.508108108	0.502864847
541	0.509072581	0.496815287	0.494779387	0.507241495	0.500505561
542	0.509566969	0.494963062	0.494109727	0.508760108	0.500842602
543	0.506380121	0.493768946	0.494952894	0.507070707	0.502184874
544	0.50672043	0.49377314	0.493789862	0.507738896	0.502693603
545	0.507231752	0.494446314	0.494612795	0.505553686	0.502522704
546	0.505716207	0.494457508	0.493589744	0.507573208	0.50421301
547	0.506563447	0.495801142	0.494442573	0.506752194	0.506231054
548	0.505390836	0.494796912	0.495622896	0.507915123	0.504385965
549	0.504385965	0.496472959	0.493615591	0.50961863	0.50134499
550	0.506048387	0.496291301	0.493955675	0.511275665	0.502521008
551	0.505210084	0.497313633	0.493099966	0.511973019	0.502527806
552	0.504371217	0.497810711	0.492421691	0.509421265	0.503195425
553	0.504540868	0.49983182	0.494427558	0.510451787	0.502866779
554	0.504540868	0.498319892	0.495122772	0.511275665	0.500842034
555	0.50286099	0.499159664	0.495283019	0.509421265	0.498821945
556	0.501681237	0.497810711	0.492592593	0.511148649	0.499157966
557	0.503195425	0.498322148	0.492924528	0.508263069	0.498987854
558	0.501515662	0.495622896	0.492271505	0.508937605	0.500672948
559	0.499831366	0.496129249	0.493090664	0.507578309	0.499158532
560	0.501853724	0.495792662	0.49378569	0.506231054	0.496798113
561	0.503369272	0.494956288	0.493939394	0.506909336	0.499494779
562	0.503193277	0.496303763	0.492266308	0.50606878	0.501682369
563	0.503870751	0.49378569	0.490084034	0.504893689	0.499326146
564	0.502864847	0.492773109	0.491428571	0.504383007	0.498486377
565	0.501008742	0.49327505	0.491245791	0.501519757	0.497473897
566	0.496973773	0.494129487	0.492095526	0.503195425	0.498484338
567	0.498488411	0.492592593	0.493598383	0.502356902	0.499157966
568	0.498147524	0.492768248	0.491610738	0.504716981	0.497809235
569	0.494786411	0.496129249	0.490255376	0.501516684	0.497477296
570	0.497638327	0.49596503	0.490915209	0.5003367	0.496461072
571	0.497812184	0.495634654	0.489068281	0.502536354	0.5
572	0.498486377	0.495109612	0.489383215	0.503376097	0.499831933
573	0.498992612	0.49681101	0.489060922	0.502868714	0.496293801
574	0.499158532	0.495122772	0.488881402	0.501352265	0.498314228
575	0.499158532	0.497480685	0.486868687	0.500674764	0.497644684
576	0.497979798	0.496472959	0.486031639	0.499831252	0.498483316
577	0.498991935	0.494796912	0.487542088	0.501515662	0.5
578	0.497644684	0.492773109	0.488747061	0.503873358	0.502352151
579	0.496463456	0.492607527	0.490585071	0.502531218	0.502358491
580	0.496463456	0.495468278	0.49244713	0.504374159	0.502866779
581	0.497135153	0.492261104	0.492938803	0.506072874	0.506563447
582	0.495619946	0.491753618	0.490248823	0.504377104	0.50589424
583	0.496296296	0.490756303	0.491269308	0.504380054	0.506052455
584	0.497644684	0.489068281	0.492773109	0.504726536	0.507075472
585	0.5	0.490585071	0.492421691	0.506743088	0.506405934
586	0.499327505	0.489068281	0.494453782	0.504380054	0.506056528
587	0.499495119	0.489583333	0.496971736	0.50421301	0.504377104
588	0.499495798	0.489225589	0.496632997	0.503201887	0.500839208
589	0.499495459	0.487886945	0.496465836	0.503373819	0.501010782
590	0.496630728	0.487722839	0.497478992	0.503197577	0.500337838
591	0.498483316	0.486859838	0.498991935	0.502021563	0.497470489
592	0.498150017	0.488051161	0.498315364	0.502524403	0.49882432
593	0.497981157	0.488567586	0.498991258	0.503536544	0.498823529
594	0.496804575	0.488207547	0.49730821	0.504045853	0.501010101
595	0.496815287	0.488403361	0.497142857	0.502186344	0.500168067
596	0.497137083	0.486386555	0.496303763	0.500337154	0.49882432
597	0.497975709	0.487739335	0.498487395	0.500505561	0.498486377