0 0.9698275862068966			0.969989723	0.971845458	0.970321517	0.969110379
1 0.970769864141622			0.970425139	0.971593248	0.968563797	0.968319276
2 0.9714168208924532			0.971228935	0.970823916	0.968814116	0.967688825
3 0.9685508735868448			0.970260223	0.969572368	0.968563797	0.966879243
4 0.9663520722199426			0.97135202	0.966960804	0.967841682	0.967091732
5 0.9668236739709195			0.971110194	0.967509768	0.968769262	0.967429396
6 0.9651782056534207			0.971134021	0.965920755	0.967722039	0.965778689
7 0.9628107663858639			0.968240874	0.965474723	0.965290614	0.963366948
8 0.9611829944547134			0.966928483	0.964948454	0.965871711	0.962085308
9 0.960394007798071			0.964822053	0.965601966	0.963374486	0.961752005
10 0.959250874665569			0.963910085	0.964329643	0.961838326	0.962147706
11 0.9594566783288743			0.962695796	0.96450554	0.960180624	0.959515002
12 0.9586504834396214			0.960768119	0.964948454	0.959137577	0.957853618
13 0.9577175697865353			0.959179487	0.963852947	0.957705797	0.960247168
14 0.9569142388182191			0.955432327	0.962955341	0.954685257	0.961546371
15 0.9581194826524327			0.955679241	0.962248666	0.952859192	0.959802103
16 0.9580936729663106			0.954207921	0.960245902	0.951851852	0.95810228
17 0.9581108829568789			0.950350227	0.959376282	0.952987066	0.955523673
18 0.9569407422595858			0.948786508	0.956887703	0.9512446	0.956145769
19 0.9565484730477557			0.948247423	0.956298728	0.950246711	0.955199342
20 0.9538934426229508			0.948612539	0.955906481	0.950668037	0.953536184
21 0.9528591924574707			0.949253121	0.954489545	0.948070608	0.953006362
22 0.9519525659374362			0.945140744	0.954015941	0.948502257	0.952556993
23 0.9533401849948613			0.946274187	0.952868852	0.948786508	0.95221493
24 0.9519033974621367			0.944797866	0.951500206	0.947260415	0.951380305
25 0.9506883090199302			0.945163278	0.949629934	0.947346855	0.950738916
26 0.9490589198036007			0.943209877	0.949494949	0.946524064	0.949382716
27 0.948318293683347			0.942580778	0.948654755	0.945106908	0.948017259
28 0.9451857934715664			0.942505133	0.948565574	0.945995893	0.946472518
29 0.9426347060028683			0.941285538	0.947097571	0.943954014	0.94717369
30 0.9432377049180328			0.942121524	0.945663318	0.942728574	0.94585726
31 0.9418390333811182			0.942804428	0.943679342	0.942177568	0.944638097
32 0.9394187474416701			0.941297209	0.944285129	0.940838127	0.943179487
33 0.9384615384615385			0.941273101	0.94292753	0.93974175	0.942169171
34 0.9373592630501535			0.939930056	0.944809192	0.938704387	0.942382612
35 0.9357289527720739			0.939425051	0.945140744	0.936706268	0.943667763
36 0.933058702368692			0.93910718	0.944741167	0.936445907	0.941248973
37 0.931529315293153			0.937281513	0.94413523	0.9363711	0.942651593
38 0.9313463514902364			0.935145151	0.942370796	0.935139573	0.939244663
39 0.9284396145171212			0.934086242	0.940789474	0.935152883	0.938603696
40 0.9292162494870743			0.93500617	0.937962202	0.934251079	0.93613963
41 0.9301704662148285			0.930885972	0.935649671	0.933347006	0.93464454
42 0.9304900553619028			0.931084139	0.932950584	0.931481481	0.934899052
43 0.9289089788370659			0.929274293	0.932158229	0.930137267	0.933579336
44 0.9291144442161495			0.926488706	0.930914309	0.930004093	0.932526661
45 0.9283667621776505			0.926207605	0.928072339	0.928894369	0.931048635
46 0.9292617725683734			0.924307692	0.9275154	0.928351468	0.930079967
47 0.9289662231320368			0.923219432	0.925531915	0.925880173	0.931260229
48 0.9267391750461728			0.922997735	0.924273434	0.9250921	0.927029805
49 0.9256908904810645			0.92238007	0.923092699	0.923788003	0.927866831
50 0.9249076733688962			0.921733772	0.922051282	0.924373202	0.926153846
51 0.9216410256410257			0.922523633	0.920977011	0.924621057	0.926784249
52 0.9192355117139334			0.921463816	0.919983586	0.921717691	0.924876847
53 0.9163420135329096			0.920403126	0.91863571	0.921058027	0.926443394
54 0.9149023638232271			0.92026305	0.91997544	0.920810313	0.925986506
55 0.9151776545491888			0.917334978	0.920826514	0.920863309	0.923930921
56 0.9147890208930766			0.916821083	0.917146382	0.919729008	0.920993228
57 0.9149938549774682			0.913739988	0.916957146	0.917060152	0.920459205
58 0.9119393815277493			0.912356322	0.916803279	0.916427694	0.921182266
59 0.9126333059885152			0.909538462	0.916564166	0.91567501	0.91975435
60 0.9123310118803769			0.911384615	0.916871921	0.913203685	0.917757774
61 0.9132129667624128			0.909802306	0.915365653	0.910659273	0.917044051
62 0.9112655898589246			0.906900103	0.914192095	0.910805823	0.916426513
63 0.9076576576576577			0.903451109	0.912	0.908512821	0.914696814
64 0.9060444078947368			0.902122399	0.912456535	0.90606372	0.91257952
65 0.9052006552006552			0.900880606	0.911975435	0.905993432	0.912410256
66 0.9031993437243643			0.898973306	0.906933933	0.903775133	0.910542477
67 0.905025641025641			0.898277276	0.90593047	0.905113986	0.909146716
68 0.9052113254000821			0.895148026	0.904938272	0.904517454	0.908439164
69 0.9013940139401394			0.893187899	0.904185474	0.903735632	0.909370515
70 0.9032588645214183			0.893179951	0.901964797	0.902564103	0.909146842
71 0.9033251231527094			0.892298188	0.9018682	0.902358974	0.907616506
72 0.9025588536335721			0.892636775	0.90043024	0.899424105	0.906185989
73 0.9027777777777778			0.893062397	0.899856646	0.898580539	0.903861956
74 0.9017234304472712			0.892431098	0.897167488	0.898402294	0.900862069
75 0.9006364196263601			0.890346382	0.896678967	0.89481268	0.899917966
76 0.9013940139401394			0.889618383	0.894769231	0.893179951	0.898026316
77 0.9010651372388365			0.888024565	0.892893713	0.893560295	0.898235535
78 0.9002463054187192			0.885526045	0.891487179	0.893333333	0.897215397
79 0.9001432371598117			0.886120264	0.891647856	0.893948718	0.896728016
80 0.8975359342915811			0.886396378	0.89039967	0.892008197	0.894413751
81 0.8982599795291709			0.884599589	0.889847924	0.891549008	0.894045175
82 0.895232248823409			0.88456018	0.88804593	0.88770273	0.892036125
83 0.8955040032847464			0.882208085	0.886000819	0.886661211	0.891192774
84 0.8938524590163934			0.880287474	0.885784717	0.882569558	0.890304026
85 0.893010862881738			0.880394575	0.882425236	0.879967227	0.890123457
86 0.8918086635187846			0.878956021	0.881074431	0.87861984	0.88852459
87 0.8894801473598035			0.87451222	0.880327869	0.879229034	0.887541118
88 0.8882967821274851			0.875308135	0.879901458	0.880294659	0.885316404
89 0.8870241506344658			0.873770492	0.878408858	0.876563461	0.88601886
90 0.8834016393442623			0.872090628	0.878843788	0.875383671	0.884788848
91 0.8821362799263351			0.869350863	0.879409352	0.875409836	0.882244522
92 0.8824493139463445			0.868415659	0.877354627	0.872659947	0.880918221
93 0.881498158002456			0.865396435	0.877099549	0.870332376	0.880639869
94 0.8811617917774596			0.864301918	0.878558263	0.869020735	0.88038572
95 0.8807039083282178			0.861934956	0.87394958	0.868091227	0.880762139
96 0.8773081657775954			0.86197703	0.875460877	0.865408289	0.879893421
97 0.8762569259183255			0.861219462	0.871073701	0.865546218	0.878508502
98 0.8756646216768916			0.858198235	0.870841889	0.864504209	0.878053788
99 0.8737208350388866			0.858142887	0.872019564	0.86203362	0.877196567
100 0.8739272578667756			0.857025303	0.870010235	0.860746514	0.876636661
101 0.870716191257952			0.857172215	0.869627507	0.85910301	0.874101458
102 0.8711794871794872			0.857025809	0.865361077	0.859365404	0.872824084
103 0.8706315144083384			0.854366946	0.866299245	0.859416446	0.870279146
104 0.8705858338436415			0.852324146	0.864593987	0.857932446	0.869396111
105 0.8692086920869209			0.850277264	0.862696951	0.855680655	0.867707477
106 0.8688558025698552			0.849836334	0.86190671	0.856266612	0.866652969
107 0.8668983847883869			0.850317818	0.858575522	0.854881809	0.866652969
108 0.8663801923470432			0.85025641	0.857816021	0.854515734	0.864121511
109 0.8664894704559395			0.846658467	0.855857698	0.85383828	0.861941827
110 0.8657236572365724			0.844827586	0.853728294	0.851714931	0.859789994
111 0.8624154193151528			0.845853859	0.853513624	0.851661879	0.860565111
112 0.8630108851920312			0.844544709	0.853043656	0.849897331	0.857788738
113 0.8627611634575993			0.84271964	0.849856026	0.84972285	0.858430649
114 0.8624718179954909			0.842126873	0.850010231	0.849018003	0.857319588
115 0.8610712087010055			0.838656839	0.848963677	0.846594396	0.856792144
116 0.8600244498777506			0.838081574	0.85006145	0.847429859	0.854858549
117 0.8561770129071912			0.837338262	0.848342202	0.845588235	0.853918753
118 0.8560900716479017			0.836176773	0.847857289	0.846579271	0.850841198
119 0.8541114058355438			0.835011301	0.846861582	0.84326212	0.849539406
120 0.853363412633306			0.835110747	0.845823974	0.841889117	0.847621001
121 0.852200614124872			0.834084392	0.842622951	0.841500923	0.847919656
122 0.8520032706459526			0.833128583	0.841155975	0.839019408	0.846027846
123 0.8510245901639344			0.831449126	0.838412763	0.838392125	0.847150792
124 0.8494161032575291			0.8294685	0.838196286	0.836856146	0.844813448
125 0.8492225859247136			0.829856851	0.838042588	0.834971335	0.843301925
126 0.8470057424118129			0.828173057	0.835720131	0.834456011	0.844412724
127 0.847176759410802			0.826532705	0.832890162	0.832345124	0.843839542
128 0.8445034736411933			0.826122616	0.830844754	0.833060556	0.841152263
129 0.8409930242100944			0.824830977	0.828769922	0.829612943	0.839127751
130 0.8381361128142244			0.823529412	0.827586207	0.830069359	0.839589744
131 0.8353085410706989			0.822865353	0.827388274	0.827388274	0.840262134
132 0.8333333333333334			0.821472393	0.826326531	0.828108994	0.838584288
133 0.8317258362405089			0.819133648	0.829138531	0.827749229	0.837694195
134 0.8294382943829438			0.818647541	0.824697932	0.82626511	0.835212134
135 0.828080229226361			0.816711038	0.825435897	0.825783972	0.834320735
136 0.8270491803278689			0.813819971	0.824586482	0.824468085	0.835003067
137 0.8250818330605565			0.81315519	0.823372902	0.822494888	0.832272634
138 0.8245649948822927			0.813972547	0.823613669	0.821735571	0.832070448
139 0.8236497545008183			0.81176953	0.823120915	0.820302906	0.831867458
140 0.8234090444035196			0.810849539	0.820932134	0.819279574	0.828933906
141 0.8229400940502964			0.808898913	0.819074908	0.816268138	0.827013732
142 0.8208222540396809			0.807786885	0.818200409	0.814512841	0.825348075
143 0.8230832308323083			0.805857055	0.817567568	0.811911584	0.821223317
144 0.8232281851700123			0.805122951	0.815110565	0.810478919	0.820123203
145 0.8219402374130168			0.803352412	0.814224402	0.808745403	0.816318163
146 0.8209750102417043			0.800900348	0.811887255	0.807401349	0.814936397
147 0.8186284544524053			0.800450266	0.812359321	0.807676603	0.813496933
148 0.8164725117514817			0.797089568	0.811065574	0.806122449	0.811974575
149 0.8161599673536013			0.796391224	0.80826683	0.804618843	0.809553096
150 0.8121149897330595			0.79511394	0.806722689	0.802983854	0.809016393
151 0.8085977482088025			0.796641409	0.803527482	0.802254098	0.807100349
152 0.8077709611451943			0.792962357	0.80445899	0.801103843	0.804597701
153 0.8060828740559298			0.791845933	0.803633395	0.799712997	0.804503582
154 0.8034030340303403			0.791530278	0.802091879	0.798163265	0.80474826
155 0.8024111156518186			0.789105858	0.800408163	0.795333606	0.803104575
156 0.800939158840343			0.788772792	0.800573888	0.793894694	0.80012275
157 0.799265605875153			0.786959196	0.796474687	0.793413786	0.801351628
158 0.7962849561134926			0.786546718	0.794327688	0.790901673	0.798281506
159 0.7971370143149284			0.785905075	0.792800164	0.790398366	0.79979571
160 0.7959100204498978			0.785071575	0.792372017	0.788083538	0.798198936
161 0.7947411333061557			0.785306122	0.790983607	0.787599754	0.79755102
162 0.7929127406800491			0.784353881	0.790977751	0.785029574	0.79689098
163 0.792321829691648			0.782786885	0.788945752	0.782662284	0.795654847
164 0.7904411764705882			0.780327869	0.788654516	0.781390593	0.793513957
165 0.7874692874692875			0.777435897	0.786459399	0.778299959	0.796201756
166 0.7863422612962584			0.776593564	0.784941849	0.778846154	0.793491609
167 0.7822976287816844			0.775957403	0.784037559	0.775393419	0.792221085
168 0.7816138917262513			0.773573328	0.784109477	0.774365274	0.790219848
169 0.7816138917262513			0.770854683	0.781646866	0.775805794	0.790358974
170 0.7788934426229508			0.769767919	0.780547609	0.775005114	0.789828431
171 0.7790721438790108			0.768805083	0.779136104	0.776013032	0.789140641
172 0.7777777777777778			0.767985243	0.779188857	0.772913257	0.786576632
173 0.7777550603148641			0.767503572	0.776960784	0.770552147	0.784983633
174 0.7780962128966223			0.766223132	0.775189046	0.76869494	0.784517974
175 0.7755897435897436			0.764489044	0.770961145	0.76661894	0.783034258
176 0.776734693877551			0.763971341	0.770284079	0.765813715	0.779387755
177 0.774699531472805			0.763994259	0.770361298	0.763937104	0.77886777
178 0.7708927843456992			0.761729906	0.769654891	0.760514496	0.776165168
179 0.7717146944614756			0.7580348	0.767123288	0.761087268	0.775422865
180 0.7701102490812577			0.75833163	0.76561862	0.7580348	0.771937001
181 0.7672044108637942			0.756336877	0.765605875	0.756132461	0.770692826
182 0.7658007772550623			0.754960115	0.763840654	0.753164557	0.771825802
183 0.7638549307253464			0.754709255	0.764225984	0.750971172	0.768175302
184 0.7624897624897625			0.755018435	0.761215334	0.753528329	0.766878719
185 0.7622649223221586			0.753273322	0.759861026	0.752244898	0.769466585
186 0.7589158345221113			0.752919484	0.758430411	0.74862273	0.768287699
187 0.7577487765089723			0.750819672	0.757426757	0.748164763	0.767075665
188 0.7563213703099511			0.747907736	0.75576413	0.746992864	0.764597419
189 0.75465902109359			0.74566238	0.752554148	0.744433095	0.76652343
190 0.7551520097939196			0.74400983	0.753673469	0.74382527	0.764573532
191 0.7534750613246116			0.744480785	0.751684705	0.741428571	0.763588067
192 0.7518858307849133			0.741830065	0.751019576	0.738873009	0.762722256
193 0.7531619747042023			0.739299611	0.74933822	0.737755102	0.762090164
194 0.7524913565182022			0.738668844	0.748723187	0.735540568	0.759648765
195 0.7507128309572302			0.737856118	0.747959184	0.736164999	0.758452138
196 0.7510204081632653			0.734029484	0.74617737	0.733795353	0.756640785
197 0.7497960848287113			0.734109953	0.743715512	0.732394366	0.755587451
198 0.7481587561374795			0.734506034	0.741195741	0.732110092	0.754185382
199 0.7462198610543522			0.731169626	0.741133306	0.730784955	0.752353664
200 0.747239263803681			0.731876659	0.739298818	0.729431027	0.754232103
201 0.7449897750511247			0.731059833	0.73877551	0.729000613	0.751686082
202 0.7429211652067631			0.727291368	0.73498161	0.728705979	0.749592502
203 0.7422512234910277			0.724708768	0.735653236	0.730320998	0.747849242
204 0.7393249288328589			0.724229435	0.73315639	0.728996737	0.746470227
205 0.7362727087160645			0.722642667	0.730651419	0.724938875	0.746783745
206 0.7341358906345644			0.719819635	0.730941704	0.723174215	0.74427637
207 0.7315079689415611			0.719018405	0.730110159	0.720726234	0.74168537
208 0.7315982106547377			0.720212549	0.728553922	0.716842962	0.741270165
209 0.7316176470588235			0.718321392	0.728664761	0.716185799	0.742001223
210 0.7324373854612095			0.716938776	0.728324873	0.713645621	0.740967544
211 0.7299938912645082			0.715131713	0.727086743	0.71160514	0.740020471
212 0.7294478527607362			0.715890523	0.72723569	0.712683524	0.739361702
213 0.7315929023047114			0.71568828	0.726492232	0.711002644	0.738002859
214 0.7299284984678243			0.714139763	0.725122349	0.708834932	0.736992451
215 0.7286853404211817			0.715367301	0.72562589	0.710230754	0.735023513
216 0.7285510495210923			0.713409648	0.72595762	0.708997955	0.731796859
217 0.7265481299816063			0.711397059	0.723061224	0.708638957	0.730761338
218 0.7255102040816327			0.709373721	0.723447712	0.709309432	0.728291887
219 0.724025311288018			0.708664628	0.722131814	0.705750408	0.72755102
220 0.7220975311160988			0.707411957	0.718583709	0.704489796	0.728254227
221 0.7198451507742462			0.705762158	0.71629902	0.703099511	0.723404255
222 0.7186482084690554			0.702437026	0.715131713	0.702482702	0.721950224
223 0.7155383360522023			0.70324954	0.71300631	0.699898063	0.720953934
224 0.7135586319218241			0.703877551	0.711573791	0.701179821	0.717519886
225 0.7135872886534936			0.702271332	0.712334353	0.697660224	0.715188583
226 0.7121643612693247			0.699734097	0.710816327	0.697167312	0.714285714
227 0.7114244839566728			0.699387755	0.710740439	0.695253616	0.711895532
228 0.7093355075417855			0.697645855	0.708087187	0.691835482	0.711228857
229 0.7086903304773562			0.698178842	0.704680155	0.691320293	0.708511941
230 0.7081807081807082			0.699490316	0.703061224	0.690083486	0.707491325
231 0.7071180909647155			0.696523517	0.700326397	0.690553746	0.707745759
232 0.7062538195151762			0.695892091	0.698613377	0.69069436	0.703787103
233 0.7058343533251734			0.694223311	0.697075066	0.690209648	0.704656863
234 0.7027302363488183			0.691131498	0.696068446	0.688187373	0.7053407
235 0.7037037037037037			0.692496422	0.694773377	0.686759297	0.704934747
236 0.7016721044045677			0.691161462	0.694704684	0.685615322	0.701022495
237 0.6994065889093514			0.690155229	0.694213198	0.684317719	0.702327481
238 0.6990390513187488			0.690505297	0.690897984	0.681289533	0.701446913
239 0.6981670061099796			0.689056758	0.692338955	0.68216106	0.70053148
240 0.6942857142857143			0.686963629	0.689458689	0.679641329	0.700470251
241 0.6940816326530612			0.687091503	0.689092762	0.678723837	0.701367626
242 0.6925111925111925			0.686194183	0.689451132	0.67632062	0.700142595
243 0.691320293398533			0.686122449	0.686110545	0.674755302	0.69842568
244 0.6912573874057469			0.684800326	0.687194127	0.674006116	0.698512935
245 0.6884944920440637			0.683856502	0.687957689	0.673573025	0.695154365
246 0.6870554765291608			0.682772681	0.685626911	0.672375127	0.697290691
247 0.6846718304117407			0.68122449	0.685336049	0.669794004	0.693831699
248 0.6821990598814633			0.678104575	0.68364229	0.669248013	0.689563799
249 0.6820408163265306			0.675648091	0.681115181	0.668907905	0.691116544
250 0.6842534121002241			0.674063518	0.678432973	0.667820069	0.689676237
251 0.6828175895765473			0.672452522	0.677721261	0.665986533	0.688806888
252 0.6806945863125639			0.671977124	0.676428717	0.666870043	0.688086495
253 0.6802928615009152			0.671009772	0.676901179	0.66415632	0.684640523
254 0.679795918367347			0.668298654	0.674077096	0.665241295	0.68244898
255 0.6780248928790042			0.668026101	0.675510204	0.663275687	0.681289533
256 0.675884505896706			0.667888414	0.672154472	0.661096393	0.67803185
257 0.6744091279543603			0.667687283	0.673202614	0.657154505	0.67875331
258 0.6752188963551211			0.665235174	0.672505092	0.658571429	0.679118187
259 0.6754778365189101			0.662043647	0.669590047	0.658868999	0.677834525
260 0.6744754532491343			0.660819906	0.669920683	0.65689269	0.677966102
261 0.675681171207808			0.65891947	0.668770358	0.657620894	0.677866015
262 0.6739174628989631			0.656926849	0.666123115	0.656472987	0.675081433
263 0.6741298595562792			0.656804734	0.665104909	0.65492671	0.672311773
264 0.6715566422167889			0.654749745	0.663815923	0.654589864	0.671629615
265 0.6686402613311556			0.654897959	0.664014688	0.651598452	0.671617497
266 0.6664630421502749			0.655918367	0.661701694	0.649703658	0.670801139
267 0.6650366748166259			0.655094956	0.660572821	0.650774246	0.668910649
268 0.6677524429967426			0.653861872	0.65885947	0.648955587	0.668021956
269 0.666599025974026			0.653515944	0.658685065	0.647741148	0.668498168
270 0.6653102746693794			0.653044544	0.657600974	0.647118713	0.66591745
271 0.661986161986162			0.652848683	0.653610771	0.645345284	0.66503268
272 0.6597687157638467			0.65106296	0.654449196	0.644326747	0.66436408
273 0.6586558044806518			0.650346797	0.653713123	0.644222945	0.663747454
274 0.6569566103075983			0.651200651	0.652616575	0.642158859	0.664221679
275 0.6551302931596091			0.650173081	0.653119285	0.641171684	0.661155338
276 0.6553338762214984			0.650916497	0.653243848	0.641824476	0.659003052
277 0.654968373801265			0.650275454	0.652333401	0.641532505	0.657189609
278 0.6559446254071661			0.649083503	0.651148607	0.640227781	0.656600694
279 0.6545898636271117			0.64704676	0.651068159	0.637917006	0.655116184
280 0.6539714867617108			0.645458265	0.649989831	0.636585863	0.653015485
281 0.6536655094956095			0.644621351	0.649746193	0.635140644	0.651437895
282 0.6540419466503767			0.643425076	0.648698129	0.635956884	0.650030556
283 0.6517493897477624			0.641812271	0.649297781	0.632277835	0.650855049
284 0.6515212981744422			0.642040816	0.647034848	0.633034988	0.646351406
285 0.6510586319218241			0.639738882	0.646413331	0.633550489	0.646734694
286 0.6500203832042397			0.639762975	0.647572618	0.632798212	0.645548992
287 0.6496439471007122			0.640538885	0.646113146	0.630156472	0.643746174
288 0.6480276535176901			0.638289206	0.64462978	0.631290584	0.644589362
289 0.6448465135190079			0.638198125	0.643771591	0.629305074	0.64405053
290 0.6425809077956443			0.635769702	0.642173825	0.627949552	0.643483581
291 0.6421009771986971			0.633408301	0.641171684	0.625763126	0.641574867
292 0.6391207001831875			0.632050499	0.639771801	0.624771202	0.640895219
293 0.6371988566761944			0.630265849	0.640186916	0.625076328	0.639380981
294 0.6363636363636364			0.629893964	0.637566138	0.622741117	0.636790527
295 0.6340668296658517			0.629342051	0.638159234	0.623294645	0.63571574
296 0.6343344155844156			0.630097879	0.635437882	0.621159715	0.634988759
297 0.6317286207596994			0.628215598	0.635495019	0.618737271	0.63197556
298 0.6300895765472313			0.627474995	0.636030907	0.618204032	0.631986944
299 0.6316004077471967			0.624540629	0.632490828	0.616558177	0.631654089
300 0.6293050743835338			0.62622549	0.632756867	0.614570615	0.630301794
301 0.630298113972825			0.624311646	0.631311075	0.61254313	0.630656339
302 0.6308724832214765			0.623955999	0.629637179	0.611122428	0.629727532
303 0.6307222787385555			0.623697651	0.630284553	0.610806419	0.63003663
304 0.6299756295694557			0.622606925	0.628704832	0.610069303	0.628205128
305 0.630178716490658			0.622498979	0.626880846	0.609527687	0.627802691
306 0.6292682926829268			0.62122449	0.626116978	0.608748728	0.627935471
307 0.6267806267806267			0.620971032	0.624949125	0.606103764	0.627011611
308 0.6240846216436127			0.620598412	0.621824832	0.606430606	0.625356125
309 0.6236012207527976			0.618466545	0.619492386	0.605820106	0.623959391
310 0.6215334420880914			0.6158077	0.618581907	0.603946298	0.622679992
311 0.621973550356053			0.615604575	0.617461929	0.603811841	0.621125612
312 0.619869971556278			0.615447487	0.61661926	0.602684018	0.619792725
313 0.6173541963015647			0.613756614	0.613992272	0.602358203	0.619436505
314 0.6173116089613034			0.612850419	0.613566918	0.600651333	0.616385444
315 0.6163854441959747			0.610365854	0.613086771	0.601059495	0.618650955
316 0.6171335769386926			0.609726195	0.615290769	0.600895037	0.616480163
317 0.6134282807731435			0.609139127	0.612863831	0.6	0.61530633
318 0.6135669179058871			0.606771364	0.611043195	0.599065231	0.613881539
319 0.6140994295028525			0.60466067	0.609969481	0.599511102	0.615635844
320 0.6124236252545825			0.603869654	0.60769544	0.600935149	0.613942112
321 0.610715013240986			0.604608483	0.607077486	0.600774404	0.614020787
322 0.6085097719869706			0.605220228	0.608669109	0.600366077	0.613238289
323 0.6072083078802688			0.605381166	0.60789099	0.597264748	0.612444083
324 0.6058572300183038			0.604362006	0.607628322	0.59796748	0.612286412
325 0.6050010164667615			0.604850214	0.607041107	0.596583977	0.611688047
326 0.6032100772043885			0.603265306	0.606504065	0.594424094	0.608598207
327 0.6057653268371904			0.603268641	0.603950316	0.592027659	0.608757637
328 0.6034938045906967			0.601468489	0.605579312	0.592276423	0.608766565
329 0.6038657171922686			0.600244998	0.60175367	0.591186028	0.606750712
330 0.6031746031746031			0.60004075	0.602314251	0.589405318	0.606684329
331 0.6039000609384522			0.599185336	0.601056267	0.58800813	0.604409063
332 0.6036164160910199			0.597675367	0.599918765	0.586550183	0.604107361
333 0.6040268456375839			0.596537678	0.599633625	0.588139724	0.603139013
334 0.6015434606011373			0.595523906	0.599633998	0.585524975	0.6034588
335 0.6009771986970684			0.595723014	0.597764228	0.586579645	0.60122449
336 0.6001219760113844			0.593265306	0.596173417	0.585162602	0.60191407
337 0.5988194585792794			0.592750967	0.595039642	0.585350966	0.600530179
338 0.5970636215334421			0.591770218	0.595416751	0.583604557	0.601789709
339 0.596177307848719			0.59185336	0.595494216	0.583367222	0.599390244
340 0.595606183889341			0.589300244	0.591343223	0.583146754	0.599755949
341 0.5948644793152639			0.589591837	0.590927583	0.580191563	0.598212472
342 0.5931721194879089			0.590464548	0.589216684	0.580658269	0.597431716
343 0.5926227837782759			0.589158345	0.589587147	0.581418988	0.596412556
344 0.5931272875152501			0.588714606	0.588857259	0.577353121	0.595597228
345 0.5904104022754978			0.588786952	0.587828211	0.577447588	0.5965412
346 0.5877691995123934			0.588438836	0.58633313	0.574100427	0.596255596
347 0.5859820700896495			0.586487586	0.585723002	0.572038204	0.594627595
348 0.5887850467289719			0.584505607	0.584549878	0.570036541	0.592743579
349 0.5886063072227874			0.585693907	0.584637269	0.569014658	0.593972714
350 0.5877210815206343			0.58278956	0.583926755	0.568671272	0.590511098
351 0.5878997759217763			0.583959391	0.585954942	0.567969068	0.590520749
352 0.5868945868945868			0.581262729	0.58484048	0.56680903	0.588773642
353 0.5859677748317357			0.581366965	0.584974619	0.567886179	0.589133089
354 0.5848595848595849			0.57965412	0.583095723	0.567474048	0.58954009
355 0.5827586206896552			0.579323002	0.58270753	0.566030069	0.589144135
356 0.5811635475996745			0.577260665	0.580998782	0.563325879	0.586262955
357 0.5818921668362157			0.574745418	0.580467955	0.562030457	0.585534336
358 0.5814852492370295			0.575905576	0.578274112	0.560122075	0.585912052
359 0.5822656091112467			0.575158066	0.575442883	0.560861613	0.584214809
360 0.5813858971753708			0.57480636	0.576140065	0.560414972	0.582180635
361 0.5810783316378433			0.572708758	0.57552348	0.559812513	0.580599144
362 0.5764058679706602			0.571254072	0.573086319	0.56023606	0.581665986
363 0.5765326837190419			0.57102099	0.570848559	0.560985543	0.580199227
364 0.5747406955460647			0.56932816	0.570905392	0.558631922	0.578465296
365 0.5728510465352571			0.568627451	0.570032573	0.558494405	0.577275504
366 0.5723296032553408			0.569537772	0.571428571	0.557457213	0.57650884
367 0.5704997968305567			0.56904277	0.568954981	0.558721759	0.5750305
368 0.5704670609830715			0.566591883	0.568937551	0.557586837	0.576109076
369 0.5713705583756346			0.565155229	0.567573052	0.555262089	0.57601626
370 0.569305923061266			0.564092113	0.565208545	0.554562081	0.576580227
371 0.5705284552845529			0.563492063	0.566402278	0.553564155	0.575584944
372 0.5669243287225386			0.562729873	0.566619347	0.553230394	0.574576617
373 0.5667547246494615			0.561788618	0.566030069	0.551261188	0.572502031
374 0.5643584521384929			0.560260586	0.565367438	0.551190719	0.570760472
375 0.5638470923139488			0.559674134	0.56216985	0.551864683	0.568264933
376 0.5635291725960561			0.558248473	0.560569106	0.551534865	0.568699187
377 0.5630712979890311			0.55675786	0.561193424	0.551499082	0.569155447
378 0.5613534447615165			0.556753458	0.558357056	0.549083503	0.567121613
379 0.5644768856447688			0.55517101	0.558554902	0.549421555	0.568459658
380 0.561064824222719			0.555033694	0.556346623	0.549358844	0.566314076
381 0.5587876322213181			0.554853181	0.556502333	0.546288744	0.567881132
382 0.5609855426593362			0.552797558	0.555645816	0.54796748	0.568356998
383 0.5592185592185592			0.551099349	0.557700122	0.545325203	0.566876395
384 0.5593737291581944			0.551681957	0.556007319	0.547265704	0.56503982
385 0.5598134630981346			0.551302932	0.556456517	0.54554697	0.564873096
386 0.5587456729790267			0.550204082	0.556433637	0.544473845	0.561953204
387 0.5575005088540607			0.548143615	0.554268293	0.543390105	0.562410914
388 0.557774607703281			0.550234359	0.556392508	0.542286529	0.562233503
389 0.5578327922077922			0.547677262	0.555961812	0.54264197	0.561000407
390 0.5563665855636658			0.547142857	0.555465258	0.544290939	0.560089322
391 0.5549238578680203			0.54808476	0.553005686	0.543129694	0.560722989
392 0.554586038961039			0.548643688	0.552754625	0.541658179	0.558489033
393 0.5528719301806373			0.545398898	0.55101626	0.541200407	0.558739837
394 0.55180820804551			0.545936036	0.549501931	0.540117814	0.556845966
395 0.5506393342804953			0.546680286	0.549726555	0.538211382	0.555782174
396 0.551829268292683			0.543841762	0.549011616	0.537431528	0.556145365
397 0.5508336722244815			0.544455748	0.546655824	0.538195855	0.555894309
398 0.5527975584944049			0.54254886	0.546916344	0.535518013	0.555352055
399 0.5512820512820513			0.540171289	0.54703974	0.536273115	0.553178484
400 0.549725442342892			0.540980273	0.545417598	0.532628583	0.555080432
401 0.5469004893964111			0.539718195	0.542090281	0.534093222	0.550875051
402 0.5447897623400365			0.539653415	0.541219364	0.53303517	0.549674267
403 0.5434253246753247			0.536863544	0.540870272	0.531949532	0.548971696
404 0.5435136234241562			0.535539216	0.538914855	0.53064549	0.54958257
405 0.5430140329469189			0.535153862	0.538899045	0.529735234	0.549725442
406 0.5441955193482688			0.534609121	0.53816484	0.529830992	0.547492866
407 0.5405900305188199			0.532816959	0.536803579	0.531408823	0.546452531
408 0.5428629607004684			0.533972659	0.536525974	0.53057079	0.547027687
409 0.5429267302618226			0.531581092	0.535402719	0.528037383	0.545954759
410 0.5389306769668631			0.530296869	0.532641855	0.527828746	0.546452531
411 0.5386650386650387			0.530275229	0.534049453	0.529328192	0.544677387
412 0.5374923795976427			0.529759478	0.532467532	0.528667619	0.541921042
413 0.5384927889498273			0.530549898	0.532385787	0.52911341	0.542355583
414 0.5383207969099411			0.528681855	0.530620549	0.527890879	0.543527013
415 0.5400243803331979			0.528432169	0.531434385	0.52602684	0.544437665
416 0.5376649746192893			0.529723127	0.532683719	0.52602684	0.541624262
417 0.5383991894630192			0.527890879	0.530844156	0.524959416	0.543478261
418 0.5370558375634518			0.528009778	0.529304029	0.521978022	0.541947336
419 0.5373679935012186			0.527794746	0.53035533	0.519829164	0.54368143
420 0.5364562118126273			0.52776083	0.530164534	0.521201055	0.543119266
421 0.5364319058250456			0.526851098	0.529924934	0.51803546	0.54231784
422 0.5334553589587147			0.52690583	0.527693244	0.518894758	0.53960195
423 0.5343356359203576			0.52463355	0.526958291	0.518344884	0.542073171
424 0.5318717011774259			0.523993493	0.526005689	0.517661389	0.537851038
425 0.5304542676716235			0.524586819	0.524417427	0.5169819	0.537991444
426 0.5306785859406745			0.523731921	0.524693878	0.516443362	0.5372557
427 0.5293401015228426			0.523440685	0.524832759	0.516548223	0.535866694
428 0.5296979525643625			0.521181263	0.52433313	0.516799023	0.536520855
429 0.5268490374873354			0.519038892	0.523026983	0.515952042	0.535277325
430 0.52751269035533			0.5199674	0.524390244	0.516174975	0.533563873
431 0.5262088581877286			0.521995927	0.523470839	0.516253555	0.53227771
432 0.5282176207876573			0.520383204	0.523404255	0.515879479	0.533075514
433 0.52745018300122			0.520757021	0.52425411	0.514873676	0.531408823
434 0.5286468915075173			0.520561889	0.522792023	0.513546547	0.530247665
435 0.5272247054043072			0.519625788	0.525310022	0.513112421	0.53197556
436 0.5258130081300812			0.519641767	0.521994729	0.512001627	0.530716029
437 0.5249643366619116			0.519934906	0.521350142	0.511386743	0.53197556
438 0.5254582484725051			0.515984525	0.520723283	0.508872119	0.529830992
439 0.5241000610128127			0.516581892	0.519187817	0.508133388	0.528812869
440 0.5243506493506493			0.513965341	0.519406625	0.507110931	0.52776083
441 0.5249594155844156			0.516076516	0.516280016	0.506498781	0.527172807
442 0.5232581759089986			0.514687882	0.515052889	0.504575961	0.525651466
443 0.524513776337115			0.514942061	0.514511873	0.504787126	0.525661914
444 0.5194224120398617			0.512324302	0.51300813	0.502947754	0.52547189
445 0.5214300223440991			0.511807818	0.514012998	0.502846686	0.524244269
446 0.5185185185185185			0.513420089	0.514646054	0.502643351	0.522208639
447 0.5175278622087133			0.513034623	0.513128435	0.501732926	0.521783388
448 0.5165616744564113			0.51122449	0.513310303	0.501932859	0.52035002
449 0.5153486480992071			0.512388302	0.511310373	0.50203252	0.521597392
450 0.5132006498781478			0.512011401	0.511675127	0.501421031	0.520430982
451 0.5130858186244674			0.513640065	0.510862944	0.50010144	0.520765472
452 0.5125076266015863			0.511192511	0.509057602	0.499694688	0.52003254
453 0.5110749847591953			0.511178862	0.507614213	0.501221001	0.518902439
454 0.512006512006512			0.51001226	0.507791945	0.500405186	0.51799878
455 0.510075310400977			0.510382736	0.50740215	0.500203417	0.519090171
456 0.5118781725888325			0.507626602	0.508326564	0.500914077	0.517192269
457 0.5113057649215726			0.506401138	0.508140008	0.499797325	0.516385101
458 0.5116798699979688			0.504781282	0.503351615	0.499289629	0.515675896
459 0.511052524842831			0.504596527	0.504462475	0.498276911	0.518315018
460 0.5109711499390491			0.503975535	0.503556188	0.496852792	0.51798415
461 0.5124923826934796			0.504699632	0.50182704	0.496326531	0.516730886
462 0.5105562322371092			0.504787126	0.501721693	0.497051047	0.513821138
463 0.5118781725888325			0.503158753	0.50232935	0.49512987	0.512674914
464 0.5097640358014646			0.502339776	0.50071066	0.494912495	0.511882998
465 0.5094416243654822			0.50203749	0.500101688	0.495330897	0.511977263
466 0.5096682271524526			0.500814664	0.499085923	0.492464358	0.512229923
467 0.5094492989229832			0.501937589	0.497964998	0.494822335	0.512190167
468 0.5100426049908704			0.501322482	0.499796996	0.494208494	0.511476742
469 0.5082467929138669			0.499796251	0.497964169	0.494122416	0.511892661
470 0.5062956945572705			0.500305064	0.497661176	0.493802073	0.510154346
471 0.5079236082893133			0.498780488	0.497558991	0.495526637	0.510854129
472 0.5050958010599266			0.496941272	0.496747967	0.494897959	0.511192511
473 0.5073170731707317			0.497144023	0.495822295	0.494505495	0.511774259
474 0.5053872738361456			0.4953214	0.495329001	0.495832486	0.510867357
475 0.5053698074974671			0.497051047	0.496149169	0.496445257	0.510295617
476 0.5048760666395774			0.496436571	0.494199064	0.495019313	0.510456853
477 0.5039609993906154			0.49684382	0.493593655	0.495524817	0.50976801
478 0.5040633888663145			0.496948739	0.492076392	0.493894994	0.506712775
479 0.5015234613040829			0.496943765	0.492298338	0.493279022	0.506607034
480 0.5004056795131846			0.496738687	0.490757668	0.492679951	0.506403741
481 0.5007118161480577			0.494304312	0.489659367	0.490546859	0.506904955
482 0.5007115267330758			0.494398044	0.488206588	0.489538899	0.506617797
483 0.4993909866017052			0.492464358	0.488419342	0.490861089	0.505592841
484 0.5009133346864217			0.494210847	0.488627132	0.488925015	0.504370807
485 0.49959382615759546			0.494803342	0.489961468	0.487069843	0.504773512
486 0.4983785974868261			0.49318413	0.487621753	0.485088253	0.503960999
487 0.4978680203045685			0.494297352	0.48943948	0.485162602	0.50305499
488 0.4972611077297626			0.49316466	0.489322758	0.484381339	0.502746694
489 0.49766970618034445			0.493284493	0.489430894	0.484152783	0.502335974
490 0.49613821138211384			0.493580599	0.48902439	0.484165652	0.502441009
491 0.49563982964915837			0.492373398	0.488220959	0.484787018	0.503448276
492 0.4951239333604226			0.491956832	0.485377742	0.484879237	0.499898477
493 0.49238578680203043			0.491353001	0.486327729	0.487090872	0.499694563
494 0.49239505171364834			0.492564677	0.48449848	0.488235294	0.498883249
495 0.4914668833807395			0.489300999	0.486167616	0.487527885	0.4984753
496 0.48881659211061407			0.49185336	0.484355953	0.487586488	0.497766951
497 0.4886455798864558			0.490619902	0.483095723	0.4867113	0.497561967
498 0.4907764038110683			0.489504789	0.483943089	0.486558045	0.497153314
499 0.48791387365427585			0.492069947	0.483766234	0.485876854	0.498984565
500 0.4887401095556908			0.490008157	0.484891503	0.484146341	0.496037391
501 0.48760162601626017			0.489426596	0.482863517	0.486091371	0.494912495
502 0.48659626320064986			0.488196988	0.484231943	0.485987002	0.494318182
503 0.48737785016286644			0.490831296	0.483661457	0.482646641	0.491331838
504 0.48803245436105475			0.488893418	0.484787018	0.481285598	0.491049634
505 0.4864207539521686			0.488485837	0.484601265	0.48151909	0.492880391
506 0.48812664907651715			0.48902439	0.482975274	0.480414045	0.489227642
507 0.48628327575695995			0.488087966	0.48296146	0.480999797	0.490462662
508 0.4875864875864876			0.487889273	0.483962647	0.480812183	0.489119382
509 0.488834754364596			0.485522023	0.484047958	0.481015228	0.490251828
510 0.4893487522824102			0.486097016	0.481331169	0.481773998	0.489042208
511 0.48952613382143584			0.486161986	0.479886225	0.483746445	0.489150274
512 0.48923201950426654			0.485213135	0.480195003	0.48005698	0.488301119
513 0.4885325756038157			0.484238357	0.480276535	0.480406091	0.488622511
514 0.48921887713588286			0.486046038	0.478340081	0.480804388	0.488112172
515 0.4907689186447555			0.485237223	0.476364374	0.480577588	0.487085621
516 0.4901522842639594			0.483844747	0.474655312	0.480162767	0.485476336
517 0.4893357708714199			0.481391092	0.476510067	0.480300569	0.484651352
518 0.4885279187817259			0.483608226	0.475765565	0.478781726	0.484737485
519 0.4870024370430544			0.482807731	0.473705584	0.478216612	0.484552846
520 0.4858997768310002			0.481360766	0.47091131	0.4780577	0.482415125
521 0.4875965839772265			0.481594468	0.470206729	0.478093306	0.48098434
522 0.48612517723313753			0.480408163	0.47161395	0.476171162	0.480081301
523 0.4853718000812678			0.481285598	0.470540431	0.475978107	0.478904665
524 0.48487923685812867			0.480691057	0.470898398	0.476142132	0.479217604
525 0.48468249137756136			0.48174587	0.470719805	0.47534997	0.48001623
526 0.4840867626190959			0.479527399	0.469656992	0.475676776	0.478615071
527 0.4858711120146371			0.479585619	0.469786368	0.473737579	0.479674797
528 0.4830250050823338			0.478340451	0.470252649	0.47356649	0.480691057
529 0.48427672955974843			0.47985348	0.469582909	0.474228896	0.482099268
530 0.4836548223350254			0.479332112	0.469251066	0.473074578	0.479535736
531 0.48349199918979135			0.478021978	0.469396028	0.47404704	0.480788778
532 0.4839036242154282			0.478039854	0.470337261	0.474304286	0.478455285
533 0.48317794892582083			0.477305109	0.468534308	0.473524041	0.478597636
534 0.4823386114494519			0.476384365	0.469789132	0.47311828	0.478933442
535 0.4822551206651795			0.475609756	0.468483123	0.47049247	0.478181449
536 0.4820377511670388			0.47558991	0.468400732	0.468444625	0.479894395
537 0.48246503142104197			0.476306691	0.467656631	0.469441624	0.479975605
538 0.4820012202562538			0.477161501	0.468965517	0.468940317	0.47995115
539 0.48252032520325205			0.476413176	0.469727753	0.469561688	0.480968858
540 0.4806091370558376			0.477092242	0.468521527	0.470612162	0.479821537
541 0.4806989028850061			0.476772616	0.469884405	0.470468845	0.479942985
542 0.48021108179419525			0.476083859	0.470432839	0.471521562	0.479633401
543 0.4784640390085331			0.474186992	0.46875	0.470170455	0.477406282
544 0.4783228170160798			0.473459426	0.466260163	0.470432839	0.475406504
545 0.4779784858940532			0.473373984	0.466220329	0.469561688	0.479204707
546 0.4782961460446247			0.471475143	0.467073171	0.47009764	0.479065041
547 0.4780577001219017			0.470660147	0.465692245	0.470002034	0.479065041
548 0.47843775427176566			0.473748474	0.465234137	0.47108947	0.476345178
549 0.47857868020304567			0.474092207	0.463553299	0.472154472	0.473876804
550 0.4768386834620073			0.472934473	0.463256192	0.472476132	0.475137
551 0.4758228362454287			0.472645922	0.462210484	0.471269036	0.474486684
552 0.47493403693931396			0.47107943	0.463389968	0.470815538	0.473427992
553 0.47652916073968704			0.470767977	0.463162168	0.471303995	0.473030735
554 0.476335567743246			0.471425666	0.462989252	0.471364744	0.470385396
555 0.47572618322161286			0.472934473	0.462256494	0.470552396	0.471567831
556 0.47583265637692934			0.472934473	0.461444557	0.469466423	0.472069876
557 0.4769262045131124			0.471894094	0.463930096	0.468483123	0.472572125
558 0.47622917513206015			0.47271987	0.464691558	0.467791099	0.469918699
559 0.475619666802113			0.472997758	0.463627153	0.468464814	0.469499797
560 0.4759771986970684			0.472782875	0.464213095	0.469251066	0.470385396
561 0.4765482233502538			0.472035794	0.463290624	0.469035533	0.471640577
562 0.4745797042738505			0.472793968	0.463750506	0.468089431	0.471390755
563 0.473395613322502			0.472165786	0.463721119	0.469441624	0.47195122
564 0.4741974806989029			0.471736478	0.462380856	0.469681606	0.471126474
565 0.475386493083808			0.47008547	0.461944388	0.469669304	0.47420999
566 0.47431472081218273			0.471736478	0.460943857	0.466896832	0.472335232
567 0.472210953346856			0.470014231	0.459415584	0.468072167	0.473417208
568 0.47252078685864934			0.469570527	0.45903639	0.466883381	0.474025974
569 0.4721038750253601			0.468927701	0.459805116	0.468642176	0.475233455
570 0.47397315982106547			0.468896594	0.459316517	0.466693745	0.474283391
571 0.4737270875763748			0.468769074	0.460772358	0.467764897	0.475716318
572 0.47415547415547415			0.468972533	0.459388292	0.468819825	0.475096564
573 0.47414317582640436			0.468699187	0.461116751	0.468845139	0.474348534
574 0.4723067559342666			0.469653768	0.459272801	0.466395112	0.474015428
575 0.4738874212558423			0.467492889	0.459053038	0.468711906	0.472937361
576 0.47503045066991473			0.467561521	0.457096381	0.469669304	0.472035794
577 0.4735879723689557			0.46746645	0.457978076	0.469656992	0.471866748
578 0.47385488447507096			0.46818459	0.458603896	0.468128299	0.470408786
579 0.4741764945099634			0.469201057	0.456261417	0.469491182	0.472753152
580 0.4738336713995943			0.466462793	0.457212219	0.46700611	0.473019752
581 0.4735987002437043			0.468864469	0.456539399	0.469586375	0.473780488
582 0.47332116047879896			0.466952264	0.45707327	0.468737312	0.474283391
583 0.4718895879845748			0.465594463	0.455172414	0.468059217	0.474572823
584 0.4730660186310247			0.466137889	0.456001622	0.469441624	0.473074578
585 0.47401542833942345			0.46772229	0.455266368	0.47095857	0.472623652
586 0.4754364596021112			0.46705978	0.453863314	0.470121951	0.472775295
587 0.47308551696120255			0.468552819	0.45526476	0.468711906	0.47389803
588 0.4738760631834751			0.467561521	0.455670521	0.469598703	0.473737785
589 0.47235772357723577			0.466924486	0.456261417	0.468718364	0.474207961
590 0.4735987002437043			0.467099919	0.454323995	0.468883033	0.472205254
591 0.47308551696120255			0.467099919	0.457171923	0.467545639	0.473405339
592 0.47177091795288384			0.466205212	0.455709061	0.467126623	0.470504764
593 0.47111472742066723			0.467249797	0.457166058	0.467099919	0.471916972
594 0.47308551696120255			0.46611032	0.457970427	0.467951318	0.469093127
595 0.47067180840267914			0.466246442	0.457926829	0.469218307	0.469632338
596 0.470229628124365			0.466869919	0.457850904	0.469022953	0.468037459
597 0.4716636197440585			0.466517403	0.458019923	0.467614213	0.469358766
598 0.4715447154471545			0.467916073	0.45775076	0.469454029	0.467424396
599 0.47052845528455284			0.466924486	0.457647776	0.468927701	0.468470301
600 0.4694292098314036			0.465366646	0.457548126	0.467373573	0.47009764
601 0.4694167852062589			0.466775046	0.458502848	0.470993915	0.467696059
602 0.4704808277541083			0.467817259	0.458510854	0.470325203	0.46802444
603 0.4720925512482241			0.467942194	0.458916616	0.471077735	0.46918853
604 0.47027687296416937			0.466653111	0.456807607	0.469894223	0.469035533
605 0.4690805532953621			0.467141404	0.4561154	0.469383617	0.471173366
606 0.47002641739483847			0.466422466	0.457183442	0.469474969	0.469093127
607 0.4696816061650781			0.46708655	0.455487805	0.469238579	0.470815538
608 0.4711733658140479			0.46742671	0.45544755	0.46799431	0.469715447
609 0.46998982706002035			0.465296153	0.455339017	0.467761557	0.471533144
610 0.46803328597523847			0.465485644	0.454933009	0.467263115	0.473063631
611 0.46911079602997774			0.466788916	0.457530914	0.46693712	0.474335565
612 0.47095857026807475			0.46775178	0.456001622	0.467464018	0.473225152
613 0.47026588187538054			0.468400732	0.456261417	0.46673428	0.473513294
614 0.47061207944872313			0.469808242	0.455081301	0.467113276	0.47283825
615 0.4716024340770791			0.467331569	0.456186613	0.46574507	0.471590909
616 0.47000203376042304			0.46611032	0.454490045	0.466761248	0.471996753
617 0.47000405350628294			0.466951393	0.453899269	0.466015466	0.471294788
618 0.4696199959357854			0.466422466	0.454213198	0.468547078	0.470444851
619 0.46958637469586373			0.467208122	0.453733766	0.466815506	0.471399594
620 0.46938361719383614			0.466748017	0.453137734	0.468020305	0.471054235
621 0.469859955348082			0.466260163	0.452419683	0.467358145	0.469761759
622 0.47083926031294454			0.46752189	0.451704545	0.466720779	0.470862944
623 0.4718895879845748			0.467669784	0.452612394	0.467912266	0.470014231
624 0.47144592952612396			0.468158698	0.453641712	0.466490658	0.469869707
625 0.4704448507007922			0.468997764	0.453121822	0.463691684	0.46822335
626 0.4711733658140479			0.469715447	0.451632529	0.462804878	0.466815506
627 0.4721657862657456			0.468076454	0.453769559	0.462289083	0.468387884
628 0.4716751269035533			0.467830323	0.455081301	0.461679203	0.468927701
629 0.472210953346856			0.466625967	0.456279164	0.45997562	0.468959902
630 0.4719398129320862			0.466301259	0.453769559	0.459196102	0.466680211
631 0.47052845528455284			0.464656753	0.457723577	0.458646617	0.468660969
632 0.4708747716663284			0.465461195	0.456910569	0.459870288	0.468839104
633 0.46990646604310693			0.465527761	0.456499696	0.461538462	0.469795918
634 0.46901036374720584			0.46504065	0.456574675	0.461850649	0.469761759
635 0.4695245835026412			0.467656631	0.45585549	0.463102257	0.469474969
636 0.4700507614213198			0.466734486	0.458646617	0.462444174	0.468253968
637 0.4701583434835566			0.467019544	0.455670521	0.464837398	0.46875
638 0.4690157958687728			0.468076454	0.456336312	0.465475223	0.471905537
639 0.46904810229348487			0.466680211	0.456371753	0.467342799	0.469595282
640 0.4702900020279862			0.467794537	0.457513689	0.464554134	0.468997764
641 0.46914332115306534			0.46831844	0.456094099	0.465747872	0.46875
642 0.469774068797069			0.467223127	0.455578093	0.463444354	0.467981297
643 0.469193352249696			0.467453214	0.455026455	0.462616822	0.468629442
644 0.46821044078813734			0.467548321	0.455762987	0.461631909	0.467925294
645 0.47030105777054515			0.467830323	0.455542022	0.461850649	0.468813285
646 0.4704094041345764			0.467032967	0.456446701	0.462741117	0.468997764
647 0.46906066139176306			0.46705978	0.456684926	0.464777328	0.468236249
648 0.4685656154628688			0.46746645	0.456037277	0.464329145	0.467342799
649 0.4675878886405202			0.469163444	0.457623682	0.464242178	0.468210441
650 0.4682233502538071			0.468959902	0.458316389	0.465881397	0.468033286
651 0.46899776377312463			0.467535111	0.45801217	0.465447154	0.467373573
652 0.46796431467964317			0.467778004	0.457572067	0.466707268	0.467071935
653 0.4698844047860475			0.468202201	0.458324883	0.464851686	0.468292683
654 0.470229628124365			0.467656631	0.459355362	0.46406821	0.466748017
655 0.4692260816575259			0.467630293	0.460301303	0.465786802	0.466029292
656 0.4698477157360406			0.465920651	0.456379943	0.463612406	0.46831844
657 0.4694911818366106			0.467968273	0.455136013	0.46563957	0.466842962
658 0.46982584042122316			0.468514367	0.457189343	0.463617886	0.466084484
659 0.46883248730964466			0.468737312	0.455852572	0.463508843	0.46701847
660 0.4676566314076485			0.467318265	0.453975319	0.465611686	0.46574507
661 0.4695952816758186			0.46801141	0.455909183	0.464880227	0.464642348
662 0.47052845528455284			0.467617108	0.456760049	0.467005076	0.466883381
663 0.4709467696058513			0.468241042	0.456111899	0.466220329	0.466693745
664 0.471187130930564			0.466382287	0.458587089	0.465234137	0.467114641
665 0.469193352249696			0.465538336	0.460162602	0.468616697	0.468020305
666 0.47126903553299493			0.464590965	0.458646617	0.467492889	0.46773539
667 0.47128069819362695			0.463508843	0.458806818	0.464133306	0.469512195
668 0.4696816061650781			0.46391543	0.458545529	0.464271214	0.469616639
669 0.47002641739483847			0.46528202	0.458527682	0.465920651	0.46988197
670 0.46889564336372846			0.463717896	0.45735803	0.464691558	0.468527195
671 0.46840073155862627			0.465447154	0.455098317	0.464922952	0.465920651
672 0.47018255578093304			0.46513519	0.456940223	0.46680203	0.468102397
673 0.4711129130346645			0.468743637	0.458696976	0.464053615	0.467712365
674 0.4728823887873248			0.466531027	0.458324883	0.465720081	0.466693745
675 0.47331033083011975			0.467601056	0.458240195	0.46431468	0.46746645
676 0.473502538071066			0.467099919	0.458307973	0.464097363	0.46642321
677 0.4744525547445255			0.466911016	0.459744474	0.46304215	0.467532468
678 0.47483766233766234			0.466898243	0.457943925	0.464474218	0.467400163
679 0.47347021752388696			0.46752189	0.457816629	0.464365482	0.466869919
680 0.4740906319853688			0.466490658	0.455248169	0.464162437	0.468020305
681 0.47462444173771823			0.466842962	0.455557805	0.464823099	0.468115353
682 0.4746450304259635			0.467263115	0.454803405	0.465597727	0.466883381
683 0.4724649461491567			0.467128028	0.455208756	0.466680211	0.467045224
684 0.47027794684520186			0.465878998	0.454951299	0.465611686	0.464955175
685 0.47100567721005676			0.464983713	0.456186613	0.465489241	0.466951393
686 0.47155627793579846			0.464060273	0.456111899	0.467411168	0.465541777
687 0.4712201053911634			0.464227642	0.45491388	0.466112013	0.466260163
688 0.46994313566206336			0.465569775	0.455485703	0.46752984	0.469321414
689 0.47012195121951217			0.464401953	0.457613336	0.466991672	0.468279789
690 0.4724984777755226			0.463892289	0.457096381	0.468356998	0.468673718
691 0.47296747967479674			0.465380711	0.456371753	0.465881397	0.47063605
692 0.4721996753246753			0.463623395	0.455301034	0.466070703	0.468080767
693 0.4716024340770791			0.46496945	0.456980519	0.466045003	0.468622657
694 0.4711382113821138			0.465201465	0.456795132	0.46506905	0.46773539
695 0.47170959237477184			0.46611032	0.457647776	0.464242178	0.469752335
696 0.47272358547961874			0.466273872	0.456928078	0.463909165	0.468457468
697 0.47348099979678926			0.466462793	0.45768216	0.464568528	0.468699187
698 0.47373757858446564			0.467046379	0.458687728	0.464880227	0.469296462
699 0.4738336713995943			0.469226082	0.458291049	0.463771057	0.468864469
700 0.4742079610073111			0.46799431	0.457438184	0.465054856	0.471399594
701 0.4757753902290695			0.467804184	0.458594857	0.464351005	0.471747967
702 0.47696366957580677			0.469258958	0.456486377	0.465772903	0.470755483
703 0.4775030401297122			0.469258958	0.457885123	0.465003043	0.4707436
704 0.4779083907580057			0.468807153	0.457258883	0.464654649	0.469213574
705 0.479099025974026			0.468413569	0.458231955	0.465950547	0.468483123
706 0.4773512086126346			0.469835466	0.457142857	0.467208122	0.468205751
707 0.4784019468667613			0.468007313	0.456040609	0.468305567	0.468292683
708 0.47858737568500104			0.466517403	0.457403651	0.467408907	0.466842962
709 0.4808277541083384			0.466829467	0.458122085	0.469022953	0.468762677
710 0.48011363636363635			0.466205212	0.458899939	0.470791075	0.469396028
711 0.4792514239218877			0.464903357	0.45834178	0.469979716	0.468439213
712 0.4790103427296694			0.467034089	0.459760795	0.471544715	0.467804184
713 0.47925986173241153			0.466395112	0.459486971	0.470695599	0.466151657
714 0.47744819179195447			0.465731137	0.460820138	0.471866748	0.466720779
715 0.4778725131952903			0.465485644	0.459882186	0.471411192	0.46832625
716 0.4793103448275862			0.464496439	0.460475513	0.472103875	0.469213574
717 0.4817295980511571			0.464997965	0.460913706	0.471387987	0.471054235
718 0.4805352798053528			0.465267875	0.460991467	0.470361348	0.468877136
719 0.48125633232016213			0.464992856	0.460275638	0.46875	0.469930922
720 0.4787363304981774			0.463568094	0.460804224	0.469333875	0.473353597
721 0.47925986173241153			0.465622457	0.459229209	0.467656631	0.471353108
722 0.4784902597402597			0.464147877	0.459497772	0.469371197	0.47051647
723 0.4805617748829636			0.464496439	0.459744474	0.468323487	0.469884405
724 0.4817961165048544			0.464234767	0.459541675	0.467938312	0.470170455
725 0.481947261663286			0.464104129	0.458966565	0.468400732	0.470564352
726 0.4821283509341998			0.464467522	0.461460446	0.46964467	0.470731707
727 0.4817444219066937			0.463588283	0.463206973	0.467990276	0.472978464
728 0.4809175801867641			0.46574507	0.462601626	0.468279789	0.473524041
729 0.4811953649115674			0.465770171	0.461725888	0.470182556	0.473491773
730 0.4801055623223711			0.466788544	0.462613982	0.470719352	0.473459426
731 0.4816318246397402			0.467614213	0.462241169	0.470851107	0.473587972
732 0.48282869335500916			0.46848868	0.462883872	0.469906466	0.474048443
733 0.48282869335500916			0.469321414	0.461507211	0.471506794	0.475406504
734 0.48115119578435345			0.47007329	0.462335025	0.471341463	0.474559092
735 0.48317794892582083			0.473341473	0.463399756	0.473662885	0.476413176
736 0.48256992298338064			0.473534202	0.463974021	0.471640577	0.475939086
737 0.4816924328722539			0.471832418	0.464720195	0.472069876	0.47721725
738 0.4825487012987013			0.47271987	0.466815506	0.473716257	0.476779558
739 0.4834450538289661			0.472261735	0.465653495	0.474314721	0.474979658
740 0.48256992298338064			0.473030735	0.466801619	0.475066151	0.475299858
741 0.4835633116883117			0.471582807	0.46640958	0.47484787	0.476277744
742 0.48354995938261575			0.472001629	0.468158698	0.473919221	0.477633184
743 0.48396264717823795			0.46940435	0.467912266	0.474761808	0.47460382
744 0.48519870235198703			0.471233991	0.46954933	0.474345974	0.47714808
745 0.4848976282181228			0.472001629	0.467045224	0.47398374	0.476393976
746 0.4852047020672882			0.470887622	0.467912266	0.476200163	0.476345178
747 0.4837662337662338			0.470970361	0.467627359	0.475706444	0.476500509
748 0.4825416159155501			0.47094677	0.465667409	0.476151817	0.478243188
749 0.485174654752234			0.47119886	0.466855869	0.478128179	0.477194405
750 0.48554095045500506			0.471414039	0.466003653	0.478667208	0.479179362
751 0.48358329955411433			0.470970361	0.467817259	0.480113636	0.478428978
752 0.48354327509142625			0.472143148	0.46705978	0.477175898	0.476944952
753 0.48273059731816337			0.471978806	0.467929139	0.476876268	0.479446479
754 0.481661600810537			0.473427001	0.468490375	0.476829268	0.477890467
755 0.48462783171521034			0.473127036	0.468274883	0.476432345	0.478933442
756 0.48354327509142625			0.474842127	0.46875	0.476489664	0.481038329
757 0.48669510461100957			0.474842127	0.467358145	0.476616511	0.479910714
758 0.4855116514690983			0.474251985	0.467630293	0.475523055	0.479119984
759 0.4858825919154987			0.47242011	0.468940317	0.476654486	0.478764479
760 0.48497766950872917			0.472668157	0.469358766	0.477766497	0.479894395
761 0.486815415821501			0.471259682	0.468603942	0.476741824	0.480585485
762 0.48763680583704905			0.472386387	0.468945984	0.476383539	0.479432624
763 0.4870077141697117			0.473512632	0.469300912	0.47715736	0.478358057
764 0.48716904276985745			0.472560976	0.469561688	0.477517803	0.478887536
765 0.4871065989847716			0.470169008	0.46850314	0.477457352	0.478816136
766 0.487117062284439			0.468985154	0.469130788	0.476586256	0.479585619
767 0.48819218241042345			0.469201057	0.469391906	0.4788333	0.480113636
768 0.48609137055837565			0.467899228	0.47088659	0.477890467	0.482828693
769 0.4860857200893764			0.470624111	0.47095857	0.479902558	0.48270952
770 0.4862068965517241			0.472442546	0.47034931	0.478384412	0.484028484
771 0.4879089615931721			0.47107943	0.470313135	0.475842469	0.483628229
772 0.4877306834313527			0.472001629	0.474517766	0.475532995	0.483719984
773 0.4880275974025974			0.4700489	0.472841508	0.476857491	0.483438326
774 0.48924949290060854			0.469845151	0.472092551	0.476142132	0.484448059
775 0.4888483373884834			0.468189233	0.473566943	0.476103315	0.485051861
776 0.48874923981350094			0.469786368	0.474101158	0.476586256	0.484995945
777 0.48924512987012986			0.466639544	0.47353478	0.476779558	0.486376576
778 0.48864097363083164			0.469271469	0.474239351	0.475203252	0.486195696
779 0.4899328859060403			0.469251066	0.474517766	0.476916819	0.487007714
780 0.48965936739659366			0.470648394	0.473609419	0.476248477	0.48447331
781 0.4902478667208452			0.473041709	0.475243506	0.476732371	0.484559122
782 0.4904471544715447			0.47121058	0.474442191	0.477526947	0.485162602
783 0.48914146539476355			0.47207501	0.474132684	0.480569685	0.485488127
784 0.49034356576539945			0.471257363	0.474868261	0.480495733	0.485598377
785 0.4910605444941081			0.470779882	0.474270665	0.481233516	0.485783916
786 0.4900648824006488			0.474004874	0.473801787	0.482514655	0.482513217
787 0.48924512987012986			0.474552117	0.47525355	0.480640584	0.485551486
788 0.4903865614248128			0.474411048	0.476923077	0.482226285	0.4850822
789 0.4903553299492386			0.475336323	0.477890467	0.482737612	0.484381339
790 0.4905698641249239			0.476568867	0.476055195	0.480796586	0.484866951
791 0.49037097101155486			0.476568867	0.477281947	0.481210644	0.48352319
792 0.4898497766950873			0.47742985	0.476123027	0.481187716	0.485180674
793 0.4908906882591093			0.476578411	0.475803172	0.483333333	0.484995945
794 0.4942272635203565			0.476954315	0.477687627	0.481925264	0.485789687
795 0.4932034895516332			0.477004477	0.47804878	0.480300569	0.485527925
796 0.49380710659898475			0.475890132	0.477448192	0.480519481	0.486513892
797 0.49481601951616183			0.476248477	0.477342004	0.480940795	0.488324873
798 0.49371196754563895			0.475783476	0.479052823	0.48054317	0.486700508
799 0.491866612444083			0.476277744	0.481323589	0.481105242	0.485859613
800 0.49300628420839243			0.475686673	0.482037751	0.480065094	0.48733536
801 0.4926948051948052			0.475076297	0.480819972	0.48083553	0.485992692
802 0.4921954186093655			0.475055997	0.481864235	0.480292564	0.485783916
803 0.49228583028826634			0.476306691	0.483052567	0.48151909	0.487382987
804 0.4909754613668627			0.476519618	0.481722177	0.480894309	0.488726386
805 0.4917966376341908			0.476722911	0.482255121	0.478375635	0.489240763
806 0.4909534458223216			0.476481368	0.482066869	0.480624873	0.490271585
807 0.4914668833807395			0.478278522	0.482436548	0.481986566	0.489941069
808 0.49198295108585344			0.478349258	0.482415125	0.482269504	0.488839286
809 0.48914146539476355			0.478764479	0.483969156	0.482926829	0.48902885
810 0.4888302193338749			0.479845277	0.48274462	0.482562855	0.489452333
811 0.49117109803125636			0.478993302	0.481820028	0.483312983	0.491056911
812 0.49188311688311687			0.478641172	0.481556546	0.486206897	0.492473556
813 0.49210206561360875			0.478455285	0.482422272	0.485778139	0.492897727
814 0.4907689186447555			0.479446479	0.482877406	0.485279188	0.490665584
815 0.49269776876267746			0.480788778	0.481564019	0.488206588	0.4926859
816 0.4934010152284264			0.479348932	0.484178499	0.488622511	0.49097912
817 0.4932007306677491			0.479039479	0.484191325	0.487899125	0.493209001
818 0.49369918699186993			0.480999797	0.484460695	0.490048741	0.4926859
819 0.49421789409616557			0.481097561	0.484054438	0.488518594	0.492594847
820 0.495131845841785			0.480040733	0.482779579	0.488433442	0.492479675
821 0.49543888100547334			0.479323691	0.483458494	0.489534647	0.492570731
822 0.49502335973999595			0.478269699	0.483150629	0.487517759	0.493591048
823 0.49441851024964484			0.476200163	0.485795455	0.488730964	0.494516653
824 0.4942272635203565			0.477369596	0.486102658	0.488537229	0.49411287
825 0.4937145174371452			0.475570033	0.486876907	0.487804878	0.494012584
826 0.493794506612411			0.479365725	0.487527885	0.488947475	0.493899959
827 0.49328175895765475			0.479153956	0.490076954	0.48894299	0.492063492
828 0.4946280154064464			0.481157058	0.489837398	0.489055533	0.493186903
829 0.49380710659898475			0.483031904	0.490982776	0.490546859	0.493596259
830 0.4943227899432279			0.482800733	0.487928586	0.490331773	0.49411287
831 0.4964467005076142			0.48189585	0.488343807	0.489932886	0.493501219
832 0.49492488834754367			0.483844747	0.489240763	0.491367053	0.493498578
833 0.49451665312753856			0.483746445	0.489059968	0.491484185	0.4953214
834 0.49483910139647846			0.483445054	0.489754514	0.491979695	0.49349329
835 0.4953290008123477			0.483831605	0.49014428	0.490451036	0.496042216
836 0.49543703102818903			0.483340106	0.489119382	0.489957395	0.495123933
837 0.49502740004059265			0.484015475	0.49045879	0.49127789	0.494717594
838 0.49512987012987014			0.485383678	0.490658002	0.490164267	0.494407159
839 0.49685023369233894			0.483025005	0.492082826	0.490868506	0.495532088
840 0.4962467031852303			0.486898233	0.492376499	0.491042345	0.495319495
841 0.4969611021069692			0.485673644	0.492185914	0.491976437	0.497148676
842 0.4943204868154158			0.485766572	0.494227264	0.493611843	0.495629193
843 0.49624212878326224			0.48699187	0.493401015	0.492803568	0.495735175
844 0.49463454140514274			0.487487284	0.492395052	0.494015013	0.497157937
845 0.49563806045851083			0.487700752	0.493609251	0.4950274	0.497161395
846 0.49594320486815413			0.490942398	0.495845998	0.494822335	0.496946254
847 0.49766592246803326			0.490224033	0.495125914	0.495429616	0.496249747
848 0.4978628129452473			0.490735085	0.496751929	0.496243655	0.495521173
849 0.4998986418001216			0.49002443	0.495334686	0.496652465	0.495939911
850 0.4996964177292046			0.49023199	0.494514425	0.494529984	0.496550325
851 0.49888006515984523			0.489812551	0.495840941	0.494413975	0.49675588
852 0.5005069965524235			0.487680717	0.494518879	0.494108086	0.495731707
853 0.5005078204346943			0.488409923	0.495125914	0.49432279	0.49817296
854 0.502537040795616			0.487780041	0.494206139	0.494724026	0.497262219
855 0.5023302938196555			0.488013003	0.492694805	0.494227264	0.497155628
856 0.5003045685279188			0.488888889	0.493097848	0.492391966	0.497866287
857 0.5018292682926829			0.490635179	0.495845998	0.492179565	0.497968306
858 0.5002028397565923			0.490654206	0.494809689	0.492691839	0.497058227
859 0.49939172749391725			0.489604566	0.496661946	0.492983527	0.499898518
860 0.49959514170040487			0.49177665	0.498478393	0.492073171	0.498476539
861 0.49959481361426256			0.491156739	0.499593991	0.494732577	0.498880521
862 0.4995943204868154			0.491449511	0.499389002	0.494730442	0.498680203
863 0.49939073923639316			0.491349481	0.5	0.496954933	0.499898477
864 0.499185667752443			0.490546859	0.500202922	0.497866287	0.500609261
865 0.49939222042139386			0.492877493	0.501523461	0.497562957	0.500710083
866 0.5003040745996351			0.491663278	0.501416431	0.495736906	0.5
867 0.5008149959250203			0.492066721	0.500914448	0.498176661	0.500508854
868 0.5002030044660982			0.493086621	0.500910378	0.500711238	0.501423343
869 0.5024311183144247			0.491082286	0.5	0.502228525	0.503352977
870 0.5028397565922921			0.490239935	0.5	0.502132846	0.504464286
871 0.5008123476848091			0.48910165	0.49989856	0.50264013	0.505485575
872 0.500810701256587			0.49004065	0.498881432	0.50274223	0.503959391
873 0.500814332247557			0.490546859	0.49847901	0.503250711	0.50396422
874 0.5029358169669974			0.489430894	0.497974889	0.503043831	0.505679513
875 0.5033543403130718			0.491353001	0.498987854	0.50436371	0.506288032
876 0.506190379541303			0.492370295	0.499493003	0.505068938	0.505997154
877 0.5050771730300568			0.492891958	0.49837794	0.501929718	0.505992281
878 0.5054967426710097			0.492883286	0.498376623	0.503852393	0.505291005
879 0.5058032987171656			0.493474715	0.49918897	0.505070994	0.504063389
880 0.503951367781155			0.492173206	0.501418727	0.504065041	0.504575961
881 0.5071109305160504			0.49278015	0.501013377	0.50365705	0.504065041
882 0.5053698074974671			0.495634518	0.501218027	0.504051864	0.505073052
883 0.5075050709939148			0.494523327	0.502737781	0.504065041	0.504672897
884 0.508746948738812			0.495114007	0.502335974	0.504160747	0.504767701
885 0.5075111652456354			0.495112016	0.503145931	0.503047542	0.507205196
886 0.5071080422420796			0.496131922	0.504353108	0.502437043	0.506704592
887 0.5050709939148073			0.497655454	0.503455285	0.502230333	0.507626602
888 0.5067073170731707			0.498574919	0.50436194	0.5	0.507013621
889 0.5066016656510258			0.498676441	0.503451076	0.500406339	0.508313058
890 0.5073319755600815			0.499796748	0.504370807	0.50213198	0.507426246
891 0.5090172239108409			0.50203832	0.502941773	0.5	0.507608034
892 0.511165245635404			0.5	0.503858652	0.502035831	0.509219858
893 0.510629682121887			0.499796748	0.505494505	0.505188199	0.508750509
894 0.5096525096525096			0.498777506	0.506902152	0.505574701	0.508010546
895 0.5105648110524177			0.500101688	0.506585613	0.505478896	0.509031865
896 0.5106512477175897			0.500713267	0.507293355	0.507498987	0.509142625
897 0.511034622393197			0.500713558	0.507399149	0.507810915	0.50976801
898 0.5109444669639238			0.500101523	0.508329947	0.508220012	0.509131494
899 0.511779041429732			0.499185668	0.509426313	0.507007922	0.509242332
900 0.5118030118030118			0.500202675	0.508436674	0.506504065	0.510253807
901 0.5109489051094891			0.499287314	0.509422492	0.506493506	0.511079488
902 0.5113544201135442			0.498676979	0.509006274	0.508299595	0.510849726
903 0.5118589093857693			0.497357724	0.509068677	0.508739837	0.510050761
904 0.5105605199025183			0.495724756	0.510444129	0.509219858	0.509748172
905 0.5085296506904955			0.497360942	0.510966694	0.508711507	0.509760065
906 0.5105433901054339			0.498882795	0.51167987	0.507108042	0.50955673
907 0.5094531408822931			0.499086665	0.511561866	0.508736286	0.509150061
908 0.5104483668086833			0.499593991	0.513365735	0.509518023	0.511982128
909 0.5109711499390491			0.49898374	0.514210313	0.509625127	0.512175325
910 0.5109622411693058			0.498982085	0.516096376	0.509238579	0.511684617
911 0.5132886995333739			0.498067928	0.515637693	0.51106599	0.511972403
912 0.5117694805194806			0.499389002	0.516890517	0.510651248	0.510867357
913 0.5136833569835799			0.499898312	0.517045455	0.511156187	0.513815522
914 0.513173895419538			0.500915192	0.516483516	0.510237178	0.514018692
915 0.5127006705954075			0.503261313	0.517045455	0.510448367	0.512373225
916 0.5111697806661251			0.502536011	0.518157841	0.509349593	0.510763607
917 0.5123042505592841			0.502137187	0.517017828	0.510349026	0.513891706
918 0.5131578947368421			0.504891969	0.516240357	0.509223596	0.512903881
919 0.5113728675873274			0.50438507	0.515913237	0.509131494	0.515361139
920 0.5099351175993512			0.504994903	0.517024726	0.512269317	0.515729653
921 0.5096407550233408			0.504169209	0.515729653	0.511273614	0.515932616
922 0.5080235628681699			0.505083367	0.51703854	0.51199187	0.515577276
923 0.5087256493506493			0.505796217	0.516717325	0.512570965	0.516548223
924 0.5107417916497771			0.504669103	0.515440878	0.511684617	0.516351818
925 0.5099512591389115			0.505810398	0.514001623	0.510365854	0.515742433
926 0.5081135902636917			0.505188199	0.515305088	0.511269036	0.515151515
927 0.5095218800648298			0.50498677	0.516338543	0.512903881	0.51319529
928 0.5101337657073368			0.505691057	0.516710553	0.512773723	0.515434606
929 0.5119675456389452			0.50630594	0.517241379	0.51300813	0.513908629
930 0.5097521332791548			0.507432295	0.515004055	0.51037851	0.514783313
931 0.5107811228641171			0.508754072	0.516744469	0.511698881	0.514831369
932 0.5129922858302882			0.509150061	0.51663286	0.510349026	0.516521387
933 0.514801297648013			0.510386965	0.516801619	0.511467424	0.518150477
934 0.514018691588785			0.510651248	0.516436688	0.513990268	0.516129032
935 0.515311295883188			0.509353396	0.516358464	0.512637587	0.516968096
936 0.5146163215590743			0.509472398	0.516897394	0.512016293	0.516030844
937 0.5170454545454546			0.508843261	0.517353359	0.512105799	0.517969543
938 0.5173252279635259			0.510482394	0.517744879	0.510357433	0.516947433
939 0.5176327523307661			0.510365854	0.518910126	0.510170871	0.517381582
940 0.5177737152143003			0.5099634	0.520698052	0.510750507	0.518248175
941 0.5173252279635259			0.508661096	0.52061751	0.51024133	0.516266775
942 0.5176256077795786			0.509879813	0.521880065	0.510935601	0.515873016
943 0.5182555780933062			0.509883839	0.522382013	0.510862944	0.515860106
944 0.5177520795293163			0.508639967	0.521756812	0.511783828	0.518240778
945 0.5186839967506093			0.509787928	0.521985816	0.513123093	0.516568408
946 0.516933684850943			0.511305765	0.521535961	0.514726793	0.515157681
947 0.5178643930166463			0.510486663	0.521430022	0.513398295	0.516758074
948 0.5181725888324873			0.511646749	0.522773485	0.512794476	0.514929921
949 0.5195859549421554			0.509383925	0.523442257	0.511557178	0.516771702
950 0.5190746753246753			0.510577705	0.524137931	0.509456986	0.51818736
951 0.5196515397082658			0.511273614	0.527169505	0.512690355	0.517199267
952 0.5166531275385865			0.511291963	0.526903553	0.512591389	0.516517129
953 0.5188276002442499			0.509947219	0.525182778	0.513321131	0.517871649
954 0.5189101260675071			0.512095954	0.525630594	0.513798701	0.516700611
955 0.5162866449511401			0.510183299	0.526134522	0.515336177	0.519430315
956 0.5178571428571429			0.510599266	0.525802519	0.515945562	0.517592028
957 0.5158215010141988			0.511599512	0.524506813	0.515305088	0.519316795
958 0.5162074554294975			0.511377489	0.526283743	0.515945562	0.519144603
959 0.516253555465258			0.511490746	0.526700508	0.518661258	0.518420517
960 0.516751269035533			0.511495422	0.527682012	0.517465475	0.516174975
961 0.516919959473151			0.512418567	0.525898842	0.517570587	0.516030844
962 0.5156440471353109			0.514948139	0.525547445	0.517052375	0.51703854
963 0.5169818995322351			0.515545621	0.527964206	0.517486783	0.514436763
964 0.5179549604382228			0.516371771	0.527659574	0.518172589	0.515305088
965 0.5186461289014997			0.51465798	0.529328192	0.519219036	0.514355528
966 0.5182704019488429			0.514075887	0.530186386	0.519578008	0.515126904
967 0.5190514795297932			0.512711003	0.532126881	0.521438732	0.515926151
968 0.5188122839129551			0.514547304	0.532078527	0.520308692	0.514780836
969 0.5182318191077613			0.513552068	0.529280195	0.522764228	0.516968096
970 0.5174028088744148			0.513414634	0.531079166	0.522648791	0.516391774
971 0.5178209801539084			0.514140387	0.531021898	0.523886969	0.516089613
972 0.5176184690157959			0.513722301	0.53124368	0.522838499	0.515827922
973 0.5175563223056627			0.513018714	0.530343008	0.524090262	0.517613521
974 0.5181965224423777			0.512408462	0.532048682	0.523567655	0.517599186
975 0.5170523751522533			0.512195122	0.530306102	0.524234435	0.518307567
976 0.5183532751977287			0.513112421	0.53199676	0.522621221	0.517444219
977 0.5197488353250962			0.515755235	0.530641234	0.523055048	0.517515275
978 0.5188947582283625			0.514227642	0.531383303	0.521226894	0.518488419
979 0.5187360745391938			0.513326551	0.532670455	0.519617808	0.520130134
980 0.51900792844074			0.514738768	0.53234638	0.520698052	0.520016257
981 0.5207232832182039			0.516358464	0.534049453	0.521023766	0.520366599
982 0.5204476093591048			0.515873016	0.534023969	0.520081136	0.519105691
983 0.5211124644742184			0.518398048	0.534468775	0.520520114	0.51994302
984 0.5216243654822335			0.517395727	0.53410475	0.521535961	0.519258203
985 0.5221364744110479			0.517367459	0.534241008	0.520803735	0.518737271
986 0.5232865568436038			0.518858308	0.534146341	0.521226894	0.519625788
987 0.523499491353001			0.520455933	0.533862111	0.519723465	0.519959267
988 0.5217038539553752			0.520765472	0.534402273	0.523635626	0.519180028
989 0.5214387319650478			0.52231506	0.535142799	0.523828838	0.51857868
990 0.519203413940256			0.520277155	0.536743808	0.52249696	0.518593782
991 0.5194568301580867			0.518601342	0.535322777	0.52259772	0.518601342
992 0.5195621325765254			0.520414381	0.534307755	0.524370431	0.52049513
993 0.5174583840844499			0.52104942	0.535077048	0.5219423	0.520138324
994 0.5162206001622061			0.521341463	0.53568532	0.524128143	0.520731707
995 0.5183075671277462			0.521986971	0.534213198	0.522676429	0.520587036
996 0.5188870836718116			0.523083181	0.53419931	0.522814845	0.519367268
997 0.5218274111675127			0.52121583	0.533604061	0.522136474	0.520439292
998 0.5218096977074457			0.522385022	0.5348082	0.524750458	0.519683442
999 0.5224547856126803			0.523073795	0.535938449	0.520998174	0.520634275
1000 0.520900974025974			0.522764228	0.534996957	0.520698052	0.519226857
1001 0.5217214778725132			0.520539546	0.536017807	0.520057015	0.521155411
1002 0.5226212213430717			0.520917953	0.533387457	0.520447609	0.52150974
1003 0.5244075349402472			0.5209947	0.535134037	0.519780889	0.522630404
1004 0.5244174265450862			0.520651068	0.536446701	0.521103896	0.521880725
1005 0.522948822095857			0.519234683	0.536243655	0.519382992	0.521252796
1006 0.5221005677210057			0.517726161	0.53730433	0.520550719	0.522657996
1007 0.5228612070717333			0.517613521	0.537977254	0.520325203	0.522190554
1008 0.5233055159780176			0.517192269	0.539412361	0.520325203	0.523402523
1009 0.522500509061291			0.519308943	0.538851694	0.519203414	0.524913565
1010 0.5216155875786482			0.520969055	0.538055612	0.519788918	0.524989842
1011 0.5215272136474411			0.520472601	0.538477157	0.523151909	0.524370431
1012 0.5209896572703305			0.522357724	0.537240537	0.523239294	0.524583503
1013 0.5211554109031733			0.522357724	0.53649635	0.525984572	0.5252443
1014 0.5235090576022796			0.523180155	0.538258575	0.527383367	0.525406504
1015 0.5245336577453366			0.523236853	0.536728896	0.523345514	0.525310022
1016 0.5249594155844156			0.522819886	0.538742394	0.522602879	0.524553571
1017 0.5265827922077922			0.524776604	0.538430256	0.523935091	0.527269027
1018 0.5284171929109799			0.525609756	0.537413583	0.524380333	0.524543611
1019 0.526059622794565			0.523809524	0.538633591	0.525410002	0.524663677
1020 0.5269776876267749			0.523033021	0.53816484	0.523558083	0.522792023
1021 0.5274056029232643			0.523964257	0.538711644	0.523373984	0.523217923
1022 0.5275974025974026			0.522671569	0.540600893	0.52559935	0.523432745
1023 0.5263798701298701			0.523404255	0.540458325	0.52637987	0.524013024
1024 0.527084601339014			0.521986971	0.539412361	0.52601626	0.523973994
1025 0.5261231957714982			0.523838631	0.539708266	0.525238192	0.52494929
1026 0.5252689263243353			0.521889636	0.54071066	0.523915687	0.525392617
1027 0.5237418831168831			0.523267629	0.542758481	0.524802592	0.52688172
1028 0.522920892494929			0.523217923	0.541708951	0.525172554	0.527246848
1029 0.5233455136012992			0.525330621	0.543407708	0.525974026	0.528681855
1030 0.5240121580547112			0.525468623	0.541463415	0.523635626	0.527986973
1031 0.5261875761266748			0.524944003	0.542224929	0.524137931	0.530093534
1032 0.5253446877534469			0.524370431	0.541396104	0.52444715	0.530537459
1033 0.5231707317073171			0.524390244	0.541911914	0.528053474	0.530284553
1034 0.5265405735204393			0.524293556	0.542816558	0.525716609	0.528836356
1035 0.527084601339014			0.522713384	0.542903619	0.524147727	0.526840179
1036 0.5262944162436548			0.523432745	0.544476036	0.523993493	0.526037429
1037 0.5288988034881362			0.523577236	0.544237013	0.524437234	0.527224705
1038 0.527907448751776			0.523896685	0.54549147	0.524660037	0.526315789
1039 0.5280259951259139			0.523877261	0.544901683	0.524263959	0.526486706
1040 0.5268381608264128			0.523577236	0.545159326	0.524244269	0.526326489
1041 0.5269473256050438			0.525157873	0.547981335	0.524177164	0.525310022
1042 0.5272060321988995			0.525898842	0.547097036	0.524128143	0.525984572
1043 0.5265935850588713			0.527010561	0.548642075	0.52351987	0.527608607
1044 0.5271805273833672			0.526829268	0.548360987	0.524186992	0.528524857
1045 0.525609756097561			0.526540574	0.547691682	0.525203252	0.527257933
1046 0.5266476810414972			0.526615197	0.547204214	0.524437234	0.528838343
1047 0.524603497356649			0.527941475	0.548844751	0.52425411	0.530333876
1048 0.5265190002032107			0.527568667	0.547488306	0.525547445	0.531758958
1049 0.5291134104280787			0.526594661	0.548334687	0.524533658	0.531396058
1050 0.5281446860394229			0.526689669	0.550507099	0.527043514	0.529375889
1051 0.5283018867924528			0.526765724	0.551165147	0.525984572	0.530525031
1052 0.5280876090042588			0.527664768	0.548334687	0.527608607	0.530010173
1053 0.5266476810414972			0.527709861	0.54788961	0.524573517	0.529292107
1054 0.528183292781833			0.529782476	0.548184216	0.525633232	0.527298559
1055 0.5288735258235054			0.528803245	0.550213025	0.525268926	0.527941475
1056 0.5306536743808363			0.526787533	0.548373984	0.524959416	0.527043514
1057 0.5302231237322516			0.528716904	0.54964467	0.526059623	0.529124236
1058 0.5308066477503041			0.530164534	0.550618787	0.525320317	0.52776083
1059 0.5304047183241815			0.528548124	0.553031839	0.526903553	0.527783432
1060 0.5320187029884123			0.53002239	0.551024549	0.526903553	0.527907449
1061 0.5305583756345178			0.530380004	0.551318458	0.52862363	0.52965069
1062 0.5333603731494626			0.529698942	0.553437437	0.528133252	0.528443722
1063 0.5327235772357723			0.529137056	0.550568643	0.527095596	0.530284553
1064 0.5326153220890063			0.528658537	0.551149075	0.529352227	0.528646892
1065 0.5318329278183292			0.527664768	0.551990252	0.528707649	0.529579183
1066 0.531047077922078			0.528850061	0.552439024	0.527169505	0.530309194
1067 0.5333333333333333			0.528646892	0.550580094	0.527845528	0.531326282
1068 0.5331031681559708			0.531218222	0.551703163	0.527541515	0.532303941
1069 0.531586431037985			0.531243639	0.551654151	0.527941475	0.53229082
1070 0.5334281650071123			0.53271028	0.551443676	0.52904143	0.53120553
1071 0.5331166192604633			0.532641855	0.552375152	0.527468072	0.531211998
1072 0.532546786004882			0.53291345	0.552353896	0.529722053	0.53125
1073 0.5335638730675346			0.533020791	0.552417716	0.529185245	0.528873526
1074 0.5336713995943205			0.531763751	0.553415771	0.527597403	0.528897029
1075 0.5330889839136632			0.530201342	0.554021121	0.52862363	0.529340102
1076 0.5365408038976858			0.529327902	0.554834786	0.528768233	0.529949239
1077 0.5342131979695431			0.53023539	0.551310709	0.528768233	0.531668697
1078 0.5344582232161008			0.530164534	0.554473524	0.528286528	0.531637843
1079 0.5342270972983952			0.530392356	0.551948052	0.528206169	0.532464889
1080 0.5351055194805194			0.529208223	0.55408971	0.529673891	0.531949532
1081 0.5341993099249036			0.528850061	0.552220645	0.527868186	0.531180175
1082 0.5340122199592668			0.52936395	0.552081218	0.526914483	0.529208223
1083 0.533982552241834			0.531650723	0.551926978	0.528290408	0.527010561
1084 0.5354891193817368			0.530059099	0.55016247	0.528957529	0.529232643
1085 0.5338758901322482			0.531586431	0.550050761	0.528370958	0.528037383
1086 0.5333197887037789			0.531676513	0.549573344	0.527631044	0.529890199
1087 0.5329681476973017			0.530791191	0.551310709	0.528217621	0.528766009
1088 0.5334281650071123			0.532179226	0.550698239	0.529137056	0.52908869
1089 0.5338345864661654			0.531180175	0.549847716	0.532454361	0.529100529
1090 0.5345388053636733			0.53257329	0.548446069	0.530533577	0.5292564
1091 0.534444218654745			0.533874239	0.550924985	0.528957529	0.528347897
1092 0.534444218654745			0.531923546	0.552017846	0.529876443	0.528071603
1093 0.5332519829164124			0.533306255	0.551227429	0.529316291	0.529567161
1094 0.5346232179226069			0.533034258	0.550550347	0.527427875	0.530417091
1095 0.5335904201339557			0.533360539	0.552898257	0.528144686	0.529615306
1096 0.5313705583756345			0.533523538	0.551766139	0.526412028	0.529185245
1097 0.5321958155596181			0.535546955	0.550701077	0.527180527	0.52904143
1098 0.5313323869397688			0.535554653	0.552733184	0.526689669	0.529579183
1099 0.5313578242338137			0.53401222	0.552647596	0.526187576	0.528826634
1100 0.5304878048780488			0.534784378	0.550639334	0.526969265	0.525919902
1101 0.530140044651918			0.530964467	0.551534865	0.527010561	0.526133821
1102 0.5298295454545454			0.5295677	0.548943948	0.525674853	0.52904143
1103 0.5307739183424741			0.531007752	0.549310065	0.525568182	0.528037383
1104 0.5307941653160454			0.531715276	0.549401501	0.525447883	0.52751269
1105 0.5321268808458723			0.534472239	0.54887218	0.525096525	0.530932031
1106 0.5323302155347702			0.530346232	0.547173648	0.5252443	0.531440162
1107 0.534741974806989			0.532409295	0.549381464	0.526615197	0.532182741
1108 0.534035656401945			0.53410475	0.550030444	0.527372263	0.53181541
1109 0.5349969567863664			0.532451679	0.551352451	0.526390581	0.532900081
1110 0.5354027186041793			0.535300102	0.553022593	0.527114529	0.535171295
1111 0.5355257815671944			0.533591205	0.551829268	0.525898842	0.534524777
1112 0.5346333536461507			0.53485064	0.55275974	0.526112579	0.533956893
1113 0.5346996753246753			0.532655137	0.552941176	0.526914483	0.532818533
1114 0.5329815303430079			0.534699675	0.553433564	0.525320317	0.533414585
1115 0.5358230160340979			0.533468973	0.553005686	0.525802519	0.533482143
1116 0.5362142422398052			0.533658735	0.552941176	0.527738265	0.53387589
1117 0.5348319157553666			0.535016287	0.553640235	0.528240553	0.534093222
1118 0.5346715328467153			0.535365854	0.554539915	0.528779895	0.533346889
1119 0.5343915343915344			0.537210248	0.554857027	0.528443722	0.53495935
1120 0.5346474293842715			0.536252546	0.552081218	0.528278938	0.535895871
1121 0.534388314059647			0.53896236	0.552941176	0.528646892	0.53713474
1122 0.5368228849665246			0.536863544	0.554023921	0.528025995	0.536882747
1123 0.5369318181818182			0.537851038	0.553208773	0.528791565	0.536164161
1124 0.5379310344827586			0.537131231	0.552529974	0.525963489	0.536302624
1125 0.5390243902439025			0.536987976	0.553010339	0.525951557	0.5365705
1126 0.5400852445707327			0.53511093	0.550427003	0.52667884	0.536278881
1127 0.5376191441898195			0.535830619	0.550941868	0.526859923	0.536773669
1128 0.5370708917326833			0.536411717	0.549675588	0.526219512	0.536555646
1129 0.5364467005076142			0.53539463	0.549421555	0.525620171	0.536644951
1130 0.5398212108898821			0.534893184	0.552380952	0.525674853	0.53749238
1131 0.5377895164567249			0.535663483	0.550883608	0.52676399	0.537555826
1132 0.5368378323523443			0.537240537	0.551248224	0.52610197	0.536287863
1133 0.537555826228177			0.539119804	0.551612249	0.52610197	0.535077048
1134 0.5401341190814875			0.53944693	0.549816999	0.526892632	0.535011163
1135 0.5391180654338549			0.540529532	0.550121753	0.526080779	0.534591195
1136 0.5413197969543148			0.539009982	0.55147953	0.526604387	0.534538805
1137 0.5402066032003241			0.540138549	0.550871504	0.526155718	0.5356056
1138 0.5400852445707327			0.541480277	0.552962662	0.525909368	0.536237785
1139 0.5400406504065041			0.540683483	0.552220645	0.525877816	0.537680276
1140 0.5392415331575745			0.540590031	0.553022593	0.526486706	0.534973566
1141 0.538961038961039			0.540650407	0.553527981	0.526785714	0.538492872
1142 0.5388053636733036			0.541717542	0.553886746	0.526700508	0.537413583
1143 0.5379296318893634			0.541387025	0.551464605	0.527106599	0.537352822
1144 0.539163961038961			0.54174284	0.552247874	0.528117359	0.539869813
1145 0.5390402602684018			0.541420721	0.551969143	0.526774848	0.537164907
1146 0.5396954314720812			0.543054427	0.550091445	0.526582792	0.538304808
1147 0.5386021942299878			0.543673469	0.550132194	0.527597403	0.538211382
1148 0.540650406504065			0.543257514	0.552257015	0.526069246	0.539118065
1149 0.5389926888708367			0.543641913	0.552129817	0.527150702	0.540052728
1150 0.5401459854014599			0.543438454	0.551878173	0.529841657	0.54096361
1151 0.5400448339107398			0.543788187	0.550709939	0.528885273	0.539165819
1152 0.539163961038961			0.543014033	0.549715909	0.529268293	0.540097205
1153 0.5388527257933279			0.541063786	0.551464605	0.528370958	0.539837398
1154 0.5394013439218082			0.542514239	0.550427003	0.53035533	0.539947144
1155 0.5392733915161356			0.542090281	0.550821668	0.528861789	0.540491171
1156 0.5405844155844156			0.542090281	0.552599513	0.530977047	0.540853659
1157 0.541548439400081			0.541751527	0.553096447	0.528206169	0.541666667
1158 0.5409802725238967			0.541793777	0.555419972	0.528957529	0.543222403
1159 0.5408204711616572			0.539731051	0.554969574	0.531192847	0.542572648
1160 0.5410069021518473			0.542921074	0.553589587	0.529495236	0.543199837
1161 0.541276941846279			0.543124491	0.552867019	0.530223124	0.542473009
1162 0.542520803734524			0.544584691	0.5546986	0.532412111	0.542266369
1163 0.5443294785960641			0.544066762	0.552620886	0.530164534	0.541116751
1164 0.5400081234768481			0.544419597	0.554136253	0.530906873	0.541751115
1165 0.5413701971945517			0.543071922	0.555736041	0.531072299	0.542996544
1166 0.5417849898580122			0.54364596	0.554922701	0.529841657	0.542080714
1167 0.5419459679057486			0.541607325	0.555397439	0.531509625	0.543077235
1168 0.5407000407000407			0.542793251	0.554314721	0.530429473	0.541236069
1169 0.5418869459129727			0.543367865	0.553256239	0.529841657	0.543101691
1170 0.5403045685279187			0.541291905	0.55348082	0.529148893	0.541310541
1171 0.5414038657171922			0.543327909	0.551157125	0.530127815	0.540810096
1172 0.5410500709507399			0.544622891	0.550862944	0.530653674	0.53904026
1173 0.5399146861669714			0.54508447	0.552017846	0.531586431	0.540650407
1174 0.5403978887535525			0.543089431	0.551899248	0.531180175	0.539788875
1175 0.5375863470134092			0.545343636	0.553683783	0.530711535	0.539604968
1176 0.5379310344827586			0.544659207	0.552060077	0.531452922	0.539866099
1177 0.5385865150284321			0.543788187	0.552556818	0.52908869	0.540897098
1178 0.538695917123705			0.544713791	0.553096447	0.528696005	0.538289661
1179 0.5368935996738687			0.543019481	0.555758684	0.528133252	0.53944693
1180 0.5388527257933279			0.542082739	0.556413905	0.528658537	0.53960195
1181 0.5391321978913219			0.542455712	0.555442729	0.528094463	0.541033435
1182 0.540337329811014			0.542874643	0.554630382	0.527320739	0.541607325
1183 0.5396341463414634			0.542345277	0.555442729	0.529304401	0.543310289
1184 0.5411264181523501			0.543774121	0.555465258	0.52887538	0.543106954
1185 0.540551500405515			0.543066585	0.554294976	0.529089803	0.541963016
1186 0.5409570154095702			0.543588701	0.556006494	0.529399797	0.544087769
1187 0.540480065093572			0.546840073	0.554246241	0.52916074	0.543049054
1188 0.538430256201708			0.545473083	0.555307942	0.528501629	0.541166904
1189 0.5390862944162437			0.545417515	0.55318717	0.52979459	0.542909312
1190 0.5397727272727273			0.546750866	0.555240219	0.528885273	0.543106954
1191 0.5426136363636364			0.544918699	0.555307489	0.529495236	0.543902439
1192 0.5397888753552578			0.546009772	0.554991883	0.528562716	0.542659336
1193 0.540551500405515			0.545972335	0.556479416	0.529172596	0.542073171
1194 0.5409303270363599			0.546601547	0.556707317	0.530284553	0.542833942
1195 0.5384771986970684			0.547468998	0.555285048	0.53057079	0.542555352
1196 0.5384458909682669			0.545954759	0.556592292	0.529997966	0.543054427
1197 0.5378526486705906			0.545916294	0.559494703	0.530417091	0.543147208
1198 0.5389465121008745			0.543734744	0.556954315	0.532083927	0.543367865
1199 0.5373195037624567			0.542828077	0.557852077	0.530761421	0.54368143
1200 0.5359756097560976			0.541624262	0.55661526	0.532169677	0.544566545
1201 0.5357939566010951			0.541793777	0.556818182	0.5315224	0.544514297
1202 0.536634869088695			0.540403012	0.559152922	0.530164534	0.543716958
1203 0.5360259792977471			0.539540557	0.558280965	0.531421599	0.544843049
1204 0.5379156528791565			0.540105863	0.558531142	0.530059099	0.545196595
1205 0.5382120413541456			0.54029304	0.560113729	0.529555149	0.545898636
1206 0.5384615384615384			0.540414297	0.558943089	0.530977047	0.546836983
1207 0.5371347402597403			0.539995929	0.561382114	0.532100772	0.545768918
1208 0.5392276422764227			0.539479039	0.561207945	0.530056864	0.545897644
1209 0.540743751270067			0.538884365	0.559683313	0.531192847	0.545861298
1210 0.5400243803331979			0.53955664	0.559878419	0.532493907	0.547081554
1211 0.5380401704199634			0.538900204	0.56035707	0.531940783	0.547261663
1212 0.5378526486705906			0.541675158	0.56	0.532765267	0.546786005
1213 0.5369957429556051			0.542183371	0.557973963	0.531110207	0.545380545
1214 0.5381010594947025			0.540435934	0.560097127	0.532588832	0.546194546
1215 0.5388359359156357			0.539433462	0.557926829	0.533428165	0.547764228
1216 0.5374163455688501			0.539385304	0.558739837	0.531807131	0.546175753
1217 0.5387581168831169			0.537851038	0.559813463	0.531737984	0.546395939
1218 0.5383522727272727			0.537555826	0.557723577	0.532549179	0.546045944
1219 0.5399633923123855			0.539195776	0.554719284	0.529865908	0.546249238
1220 0.5389294403892944			0.539824812	0.556231003	0.531750862	0.54695122
1221 0.5388843648208469			0.541793777	0.555781759	0.532723577	0.547212047
1222 0.5408204711616572			0.543089431	0.557747052	0.532156624	0.547759075
1223 0.539119804400978			0.542514239	0.556703119	0.531884647	0.546786005
1224 0.5413197969543148			0.544641041	0.556705214	0.532139951	0.546620521
1225 0.5411167512690356			0.542345277	0.555284553	0.53026289	0.548812665
1226 0.5404142973192526			0.543106954	0.555578135	0.531116967	0.548426396
1227 0.5408805031446541			0.544586634	0.556571196	0.532139951	0.548065173
1228 0.5406669377795852			0.54508447	0.556118314	0.531326282	0.549705225
1229 0.5398212108898821			0.544641041	0.554312449	0.530417091	0.548282171
1230 0.5408970976253298			0.545269583	0.555645652	0.531192847	0.547269764
1231 0.540403012416039			0.545473042	0.556459817	0.532238443	0.548006509
1232 0.5411334552102377			0.545972335	0.555487929	0.531927833	0.547928513
1233 0.541446566436408			0.544249592	0.557973963	0.533333333	0.550365556
1234 0.540288207834382			0.545158666	0.55605199	0.531966714	0.550529747
1235 0.5422835124721151			0.544526144	0.55720684	0.533536585	0.551177904
1236 0.5421906693711968			0.544992891	0.558441558	0.533089728	0.550875051
1237 0.5431822800243853			0.544363044	0.557563452	0.53188022	0.552132218
1238 0.5420389926888708			0.544659207	0.556753458	0.533103168	0.549419197
1239 0.5420048701298701			0.543641913	0.557154439	0.532641855	0.549370175
1240 0.5405405405405406			0.545399147	0.555465423	0.532139951	0.548951761
1241 0.542479674796748			0.543602282	0.55393053	0.531746032	0.550283861
1242 0.543354943273906			0.543438454	0.553252033	0.534916768	0.552117264
1243 0.5413365833841154			0.545621181	0.551941452	0.533563172	0.552733184
1244 0.5416836112240748			0.543380855	0.552919708	0.534090909	0.551787165
1245 0.5436282467532467			0.544195519	0.553325223	0.53306288	0.552845528
1246 0.541599025974026			0.544177524	0.553096447	0.534826884	0.551990252
1247 0.5433326567891211			0.545565253	0.551717131	0.5348082	0.553611394
1248 0.5421319796954315			0.546970313	0.553643725	0.530678586	0.552138493
1249 0.5434782608695652			0.544622891	0.552172148	0.531668697	0.55248731
1250 0.5435179549604382			0.544771574	0.552572707	0.531180175	0.553096447
1251 0.542589957308396			0.545324913	0.552305505	0.530367662	0.553226135
1252 0.5403537304330148			0.544512195	0.551829268	0.530836556	0.550813008
1253 0.5418439716312057			0.545083639	0.550974817	0.531275386	0.552867019
1254 0.5396341463414634			0.544713791	0.549685023	0.528850061	0.550559512
1255 0.53966639544345			0.544457978	0.549979683	0.531884647	0.552979459
1256 0.539524486892908			0.543752544	0.548334687	0.531288094	0.551941452
1257 0.5387581168831169			0.546634225	0.549127081	0.531923546	0.552797558
1258 0.5394763547797848			0.545380711	0.549310065	0.529315961	0.552668967
1259 0.5402602684017893			0.546433652	0.548413344	0.529865908	0.551045261
1260 0.5410833840535606			0.546935451	0.546674802	0.530404718	0.552738337
1261 0.5408370581064608			0.545879959	0.547295929	0.529806714	0.551555827
1262 0.5388990452975828			0.546232179	0.545989848	0.530964467	0.551717131
1263 0.5389926888708367			0.54582402	0.547139076	0.530628803	0.552411968
1264 0.5379142102053263			0.544659207	0.54919862	0.531763751	0.552390641
1265 0.5383052225157489			0.544510084	0.548262548	0.53057079	0.550916497
1266 0.5393372636714779			0.546343451	0.54857027	0.528838343	0.550751117
1267 0.5385708485586683			0.543177189	0.547928513	0.53271028	0.550883608
1268 0.5409137055837564			0.543292683	0.548596991	0.530728531	0.550294656
1269 0.5414555037502534			0.542892157	0.547280844	0.52990236	0.552807622
1270 0.5391480730223124			0.543788187	0.545251623	0.529579183	0.552150974
1271 0.5410833840535606			0.541658179	0.546674802	0.529841657	0.553031839
1272 0.5387438825448614			0.541174073	0.546155407	0.531655844	0.552123552
1273 0.539524486892908			0.54033733	0.547759075	0.530500203	0.553317053
1274 0.5388053636733036			0.541403866	0.548943948	0.531313542	0.55318717
1275 0.5394308943089431			0.540297898	0.548256285	0.530115595	0.553564155
1276 0.5390862944162437			0.540639641	0.548387097	0.530641234	0.551647011
1277 0.5381648396264718			0.542775859	0.546855984	0.529865908	0.551850346
1278 0.5397888753552578			0.54327021	0.548987854	0.527941475	0.549685023
1279 0.5397888753552578			0.543230016	0.550223668	0.529698942	0.55106599
1280 0.5389768574908648			0.544252289	0.548530902	0.53059565	0.550356053
1281 0.5362673186634067			0.544546381	0.545991046	0.53057079	0.551941452
1282 0.5384459322377764			0.545010183	0.546653144	0.529411765	0.551007941
1283 0.5371951219512195			0.543124491	0.548295455	0.53081147	0.551724138
1284 0.5396471303995133			0.544768509	0.547449705	0.530463038	0.551302932
1285 0.5402718604179346			0.544806517	0.547909054	0.531491264	0.551149075
1286 0.5395405570237853			0.543938161	0.546598985	0.53059565	0.551331571
1287 0.5378048780487805			0.543385491	0.546580069	0.530641234	0.550040683
1288 0.5389768574908648			0.542758481	0.547242498	0.5320227	0.550356053
1289 0.5389768574908648			0.543433931	0.546688272	0.531694433	0.551464605
1290 0.5413625304136253			0.544602851	0.54866897	0.532018703	0.552411968
1291 0.5409469619995936			0.541463415	0.545916294	0.531910569	0.55304878
1292 0.539259560618389			0.540391677	0.546821044	0.529375889	0.552754625
1293 0.5369127516778524			0.539398863	0.547488306	0.52790224	0.551808208
1294 0.5382424735557364			0.537945066	0.545012165	0.529697953	0.55141519
1295 0.5407873376623377			0.538774679	0.545177665	0.528612013	0.551808208
1296 0.5400406504065041			0.53968254	0.548020305	0.530748934	0.553520554
1297 0.5404583248833907			0.537662866	0.545971179	0.528240553	0.553247811
1298 0.5388211382113821			0.537662866	0.546063312	0.528420625	0.553342817
1299 0.5382896607759496			0.540199471	0.547426024	0.528957529	0.552797558
1300 0.5376016260162602			0.541530945	0.546322633	0.529579183	0.554288042
1301 0.5374619289340101			0.542903619	0.545732328	0.52919708	0.553767821
1302 0.535786905246035			0.540595675	0.547464503	0.528536486	0.556233476
1303 0.5343915343915344			0.541114058	0.548209927	0.526988636	0.554946171
1304 0.5348789912548302			0.54242116	0.54695122	0.526807474	0.553771092
1305 0.5343247097168466			0.54249695	0.546395939	0.527191558	0.553698798
1306 0.5346855983772819			0.539828431	0.547043284	0.530069078	0.554469558
1307 0.5341602277348516			0.540606554	0.546082014	0.53114222	0.554109032
1308 0.5372437588796428			0.541497152	0.545399023	0.53114222	0.555871597
1309 0.5360406091370559			0.541641214	0.54453236	0.531789559	0.557180581
1310 0.5360552508632948			0.540859996	0.544367909	0.532412111	0.555149299
1311 0.5363173957273653			0.540749796	0.54549147	0.534619289	0.554562081
1312 0.5376322213181448			0.540893331	0.543002028	0.533862111	0.553342817
1313 0.5380247414317583			0.539305302	0.542369437	0.532871972	0.556776557
1314 0.5388044579533942			0.540524071	0.54099026	0.533536585	0.5560301
1315 0.5368977434437894			0.539449541	0.543257514	0.532126881	0.554469558
1316 0.539163961038961			0.540194884	0.542283512	0.530628803	0.554654228
1317 0.5415228426395939			0.53960195	0.543129694	0.530914251	0.55551037
1318 0.5398050365556458			0.539414872	0.542335025	0.531940783	0.555803571
1319 0.5402112103980503			0.540980273	0.540930327	0.532398944	0.553858685
1320 0.539195775792039			0.541852905	0.541226645	0.530521192	0.553182835
1321 0.5393212761633814			0.539604968	0.541717542	0.530914251	0.553118017
1322 0.5398499290204827			0.539906103	0.541768045	0.529471545	0.553567798
1323 0.5379759723070657			0.538226922	0.542585474	0.530438312	0.554219323
1324 0.5384927889498273			0.537678208	0.542190669	0.530512612	0.55403752
1325 0.5398984771573604			0.540012217	0.540567951	0.52904143	0.552599513
1326 0.5389465121008745			0.539524487	0.543117409	0.527586207	0.548971696
1327 0.5390229069531726			0.540403012	0.542654509	0.527062639	0.550091445
1328 0.5388211382113821			0.540265036	0.543407708	0.526540574	0.550883608
1329 0.537522879804759			0.538571138	0.543848965	0.526155718	0.549694501
1330 0.5374619289340101			0.540386572	0.544216304	0.524766545	0.551169888
1331 0.53822692151281			0.541073607	0.543363192	0.527084601	0.550447518
1332 0.5363673303535148			0.541411669	0.54414451	0.52751269	0.552299552
1333 0.5390545749644958			0.541886946	0.54250355	0.525172554	0.55383676
1334 0.5376496854069414			0.540799674	0.542190669	0.525781567	0.555104526
1335 0.5387738530247665			0.541590401	0.542822434	0.52471637	0.554628688
1336 0.539492385786802			0.541886946	0.544272949	0.52504563	0.556412338
1337 0.5408741400242817			0.540386572	0.543279951	0.524486893	0.555217215
1338 0.5386178861788617			0.540639641	0.542613636	0.526475959	0.554922701
1339 0.5381640545491553			0.541226645	0.544180378	0.524583503	0.555555556
1340 0.5385240902622485			0.539323553	0.545694557	0.523731921	0.555217215
1341 0.5379618351603735			0.537006913	0.543827537	0.524060914	0.554065041
1342 0.5370708917326833			0.537319504	0.546709992	0.525651466	0.552508633
1343 0.5363821138211382			0.535540211	0.544827586	0.523587771	0.553546027
1344 0.5357287860332928			0.535765233	0.546266234	0.522339561	0.554403091
1345 0.5371833839918946			0.536674817	0.547614213	0.522657996	0.555623348
1346 0.5383675961734175			0.534121002	0.547426024	0.523161317	0.552417716
1347 0.5382892057026477			0.535087719	0.547280844	0.524903436	0.551422764
1348 0.5383052225157489			0.532857143	0.547265704	0.525940997	0.553269505
1349 0.5373679935012186			0.534282808	0.548740861	0.526369375	0.554403091
1350 0.5378526486705906			0.534746281	0.547691682	0.526892632	0.554922701
1351 0.5380235868239122			0.534770232	0.5486618	0.529076861	0.557520325
1352 0.5380556119342399			0.533591205	0.547831374	0.528945765	0.556707317
1353 0.536807949705942			0.534893184	0.548400162	0.527918782	0.557450264
1354 0.5368977434437894			0.536520855	0.550701077	0.528003247	0.556866734
1355 0.536976838683462			0.53485064	0.550253807	0.529304401	0.556866734
1356 0.5388832487309645			0.533984534	0.548315063	0.528133252	0.557540085
1357 0.5359463850528026			0.533442088	0.548892051	0.529519172	0.558338424
1358 0.5378680203045685			0.534855279	0.546878178	0.529399838	0.557973963
1359 0.5395888459189905			0.535925097	0.546230441	0.530152284	0.55830963
1360 0.5388990452975828			0.535002035	0.546266234	0.529316291	0.557911909
1361 0.5385708485586683			0.535561443	0.546251019	0.529340102	0.558130081
1362 0.5394763547797848			0.535322777	0.545030426	0.529829545	0.559463306
1363 0.5369468128298822			0.533211456	0.542386664	0.529734118	0.558739837
1364 0.5380235868239122			0.533591205	0.542961609	0.528539508	0.555532995
1365 0.5378219428107889			0.533863729	0.541725888	0.529638652	0.555148555
1366 0.5386331372946664			0.532885359	0.54022755	0.529578606	0.555149299
1367 0.53836784409257			0.534472239	0.540820471	0.526903553	0.555126904
1368 0.5377588306942753			0.532382892	0.541429732	0.528670191	0.555012225
1369 0.53824305132887			0.535503561	0.5408869	0.529017857	0.5528026
1370 0.5409137055837564			0.535234216	0.540843349	0.528922265	0.551766139