0	0	0	0	0	0
1	5.06E-04	0.004062976	0.004036327	0.002022245	0.001514387
2	0.001517451	0.006091371	0.005572442	0.002024291	0.003028773
3	0.002530364	0.006578947	0.008117707	0.00304878	0.006079027
4	0.003553299	0.007056452	0.009100101	0.00402617	0.007052897
5	0.004042446	0.008097166	0.010111223	0.005068424	0.01010101
6	0.005055612	0.00861632	0.011105502	0.007081437	0.010075567
7	0.005580923	0.009615385	0.013137948	0.009054326	0.011111111
8	0.00706001	0.01061142	0.013622603	0.010085729	0.011173184
9	0.008076729	0.011144883	0.015197568	0.01209068	0.01217656
10	0.009100101	0.011622031	0.016186141	0.01314459	0.01417004
11	0.010136847	0.012619889	0.018154312	0.013171226	0.015159171
12	0.012115093	0.013151239	0.018200202	0.013615734	0.016284987
13	0.013157895	0.016683519	0.018705763	0.01414856	0.017197774
14	0.014141414	0.017703591	0.019191919	0.015672396	0.01718908
15	0.016161616	0.017793594	0.020232676	0.017694641	0.018163471
16	0.017766497	0.018743668	0.020151134	0.018705763	0.020242915
17	0.019716886	0.019221042	0.02077001	0.019191919	0.020191822
18	0.020242915	0.019191919	0.022211005	0.01969697	0.022255943
19	0.020294267	0.019746835	0.022750253	0.020707071	0.02269289
20	0.0227158	0.021728146	0.023749368	0.022233451	0.023737374
21	0.024291498	0.021827411	0.023761375	0.023232323	0.025252525
22	0.025239778	0.023725391	0.02475998	0.024291498	0.026767677
23	0.025848961	0.023821591	0.024785028	0.025303644	0.027904617
24	0.028773347	0.023749368	0.025770591	0.026727181	0.028802425
25	0.029813037	0.024365482	0.026835443	0.027300303	0.02979798
26	0.030761473	0.02475998	0.02835443	0.028211587	0.031313131
27	0.031424227	0.025303644	0.029707956	0.030364372	0.032844871
28	0.032437912	0.025757576	0.029782938	0.031297325	0.033753149
29	0.033451597	0.027286508	0.02926337	0.031850354	0.035804337
30	0.034866094	0.027286508	0.03180212	0.03180212	0.035912999
31	0.036887317	0.027848101	0.032811711	0.03183426	0.036905966
32	0.037563452	0.029767911	0.033383915	0.033215903	0.036831483
33	0.038461538	0.030823648	0.033333333	0.035335689	0.038364462
34	0.039374054	0.031392405	0.033719175	0.036905966	0.039858729
35	0.041518987	0.03296146	0.035389282	0.037392623	0.040383645
36	0.041876892	0.032878098	0.035876705	0.037917088	0.041876892
37	0.042907622	0.034866094	0.037917088	0.038403234	0.041813602
38	0.043059777	0.03500761	0.038364462	0.040363269	0.041876892
39	0.046146045	0.036326942	0.039818548	0.04054739	0.043478261
40	0.048484848	0.038559107	0.040971168	0.041268244	0.045592705
41	0.049014654	0.039979757	0.04109589	0.042929293	0.046535154
42	0.05111336	0.039959535	0.042360061	0.043237808	0.047858942
43	0.051541182	0.041518987	0.04244568	0.044904137	0.04836272
44	0.053030303	0.041012658	0.042402827	0.045408678	0.049874055
45	0.052684904	0.041961577	0.042907622	0.045385779	0.051437216
46	0.055022716	0.043544304	0.043368633	0.04534005	0.053003534
47	0.056088934	0.044072948	0.044534413	0.046710196	0.053616591
48	0.057070707	0.043478261	0.044949495	0.046969697	0.053616591
49	0.057041898	0.043983822	0.045408678	0.047979798	0.055189873
50	0.057041898	0.04552352	0.045959596	0.050530571	0.055022716
51	0.05799294	0.045959596	0.045936396	0.050958628	0.055583628
52	0.0580222	0.047088608	0.048387097	0.051541182	0.056004036
53	0.058467742	0.049238579	0.048582996	0.053003534	0.05721519
54	0.059565876	0.049420071	0.048656868	0.053931452	0.05799294
55	0.060040363	0.050530571	0.048656868	0.054013125	0.05799294
56	0.062246964	0.052631579	0.049014654	0.055583628	0.057905337
57	0.062089854	0.052125506	0.049188641	0.056451613	0.058823529
58	0.062689585	0.053083923	0.05027933	0.057013118	0.059001513
59	0.063291139	0.053616591	0.05111336	0.05721519	0.06016178
60	0.065623423	0.055189873	0.051541182	0.059090909	0.060667341
61	0.067341772	0.05659424	0.051619433	0.061203844	0.061234818
62	0.068250758	0.057302231	0.052525253	0.0625	0.062594649
63	0.068181818	0.0580222	0.052631579	0.06391545	0.064012097
64	0.069908815	0.059180577	0.0530571	0.065085772	0.065822785
65	0.071104387	0.060606061	0.055022716	0.064548664	0.066633014
66	0.071680969	0.06142132	0.056984367	0.064548664	0.068825911
67	0.074355083	0.062341612	0.059090909	0.065491184	0.068721577
68	0.073737374	0.063195147	0.060040363	0.067103935	0.068791098
69	0.074619289	0.063700708	0.061772152	0.068582955	0.069191919
70	0.074634392	0.065557237	0.062689585	0.068930563	0.071572581
71	0.075366717	0.066094854	0.063195147	0.069661787	0.072515213
72	0.077001013	0.066801619	0.061460957	0.071248105	0.073625819
73	0.076845298	0.068010076	0.06407669	0.074018127	0.073737374
74	0.076923077	0.069661787	0.065557237	0.075604839	0.075290551
75	0.079453441	0.071755725	0.065689742	0.077856421	0.075138679
76	0.08190091	0.072258717	0.067839196	0.07917297	0.076224129
77	0.083586626	0.073417722	0.068078669	0.080808081	0.076301162
78	0.085181452	0.076142132	0.071176174	0.081942337	0.077620968
79	0.085396665	0.076728925	0.071392405	0.083375442	0.079212916
80	0.08632004	0.079373104	0.072837633	0.084004024	0.079614604
81	0.086912582	0.080547112	0.073700151	0.085556115	0.07951686
82	0.087197581	0.080547112	0.074823054	0.087329631	0.079252903
83	0.089989889	0.08109478	0.076185671	0.090176322	0.081694402
84	0.090587045	0.081612091	0.077546883	0.091460334	0.081942337
85	0.091919192	0.082744702	0.079252903	0.090909091	0.082744702
86	0.092788704	0.084008097	0.080181543	0.093939394	0.084549572
87	0.093211753	0.083756345	0.080767289	0.09375	0.087132725
88	0.09375	0.085138539	0.082786471	0.094396769	0.087967644
89	0.095454545	0.086075949	0.084677419	0.09473151	0.088799193
90	0.096611027	0.08768373	0.085858586	0.097180262	0.088933805
91	0.098834263	0.088339223	0.087790111	0.099394551	0.08989899
92	0.098939929	0.087923194	0.088517956	0.101208459	0.092705167
93	0.099746835	0.087967644	0.089762985	0.102226721	0.094177215
94	0.101214575	0.090449722	0.089853609	0.103587671	0.095573441
95	0.102836879	0.090816844	0.0908632	0.10483871	0.096611027
96	0.104568528	0.090955028	0.092741935	0.106889564	0.098534613
97	0.105449041	0.091506572	0.094349142	0.106673407	0.099039919
98	0.106511863	0.09329299	0.094129555	0.10892587	0.098740554
99	0.10770005	0.094396769	0.097524002	0.111505322	0.099848714
100	0.109540636	0.094444444	0.099444725	0.111503532	0.10020141
101	0.109311741	0.095358224	0.100606673	0.111447302	0.101763224
102	0.112519007	0.097425543	0.100657562	0.112229492	0.103692463
103	0.112846348	0.09908999	0.101112235	0.113407258	0.104282116
104	0.114083796	0.100810537	0.102175013	0.11391129	0.105662285
105	0.115093387	0.101968703	0.103483089	0.115656566	0.105953582
106	0.116843703	0.102836879	0.105423213	0.118122161	0.107304786
107	0.11627907	0.104545455	0.107467205	0.121396055	0.108080808
108	0.117112569	0.105156724	0.107917297	0.122356495	0.108476287
109	0.118122161	0.107233182	0.10892587	0.12209889	0.108706593
110	0.119191919	0.108421583	0.109873418	0.122541604	0.109879032
111	0.119757453	0.109026369	0.110998991	0.125440806	0.111278953
112	0.121778676	0.109706775	0.111782477	0.126448363	0.113188479
113	0.122479839	0.111279717	0.113131313	0.127842345	0.114902158
114	0.122222222	0.112854251	0.112903226	0.128902316	0.115927419
115	0.124305205	0.113131313	0.114662608	0.130347257	0.118003026
116	0.126710593	0.114083796	0.114977307	0.130718954	0.119515885
117	0.12816616	0.11663286	0.115423387	0.132863613	0.119011599
118	0.128218072	0.117795753	0.117676768	0.135012594	0.119395466
119	0.128477491	0.117855336	0.121396055	0.135012594	0.119395466
120	0.127659574	0.119372787	0.123737374	0.135951662	0.120890238
121	0.129994942	0.120080727	0.126135217	0.138608871	0.12209889
122	0.132018209	0.121642169	0.128088754	0.139464376	0.124368049
123	0.131989924	0.121840243	0.128205128	0.139839034	0.125063036
124	0.13370333	0.121852971	0.130368873	0.141772152	0.127144299
125	0.135216953	0.124558749	0.131552419	0.142425767	0.12942366
126	0.13608871	0.126008065	0.13222725	0.144012127	0.128787879
127	0.137948459	0.12696004	0.133400707	0.14573878	0.130171544
128	0.13895907	0.126831733	0.133770823	0.147251639	0.13188479
129	0.138399597	0.128282828	0.135490394	0.147251639	0.134381339
130	0.140474987	0.128722867	0.136432542	0.148054573	0.13608871
131	0.141337386	0.128412538	0.136868687	0.151133501	0.137096774
132	0.141485599	0.130192503	0.136889784	0.152721774	0.139183056
133	0.142857143	0.129667003	0.138453765	0.152994464	0.140182186
134	0.143289606	0.130040323	0.13925328	0.152875883	0.142137097
135	0.143939394	0.130808081	0.139393939	0.155320222	0.144949495
136	0.146761134	0.132895402	0.140625	0.158425832	0.145812311
137	0.147177419	0.134411319	0.141843972	0.159939455	0.147251639
138	0.14891469	0.134275618	0.143291139	0.161192521	0.147251639
139	0.148539778	0.136868687	0.144080605	0.161046804	0.148989899
140	0.151133501	0.137443153	0.144949495	0.162474849	0.149396378
141	0.152141058	0.138888889	0.146686899	0.165824065	0.150478108
142	0.153030303	0.13925328	0.148989899	0.166161616	0.15345785
143	0.153652393	0.13989899	0.151438667	0.167254408	0.15465995
144	0.154737903	0.140546006	0.151010101	0.168261965	0.155432596
145	0.155634159	0.14206269	0.151911469	0.170448815	0.15694165
146	0.156171285	0.141847552	0.154467441	0.172379032	0.15800101
147	0.157258065	0.142424242	0.154737903	0.173387097	0.156565657
148	0.15959596	0.143506822	0.155050505	0.174635128	0.158930373
149	0.161534578	0.14603335	0.155981827	0.174635128	0.159033719
150	0.16078629	0.145601618	0.154815935	0.177833753	0.160948537
151	0.162298387	0.147961751	0.159171299	0.17884131	0.163131313
152	0.163378857	0.148335015	0.159515396	0.181818182	0.163983903
153	0.163120567	0.150406504	0.159778226	0.18319074	0.165072974
154	0.164314516	0.151943463	0.161209068	0.184793555	0.167846309
155	0.166329626	0.154196158	0.164390491	0.186363636	0.168012109
156	0.168012109	0.155443038	0.165572943	0.187531423	0.168935956
157	0.168850806	0.154972236	0.165659617	0.187751004	0.170030272
158	0.16969697	0.155241935	0.166498486	0.188821752	0.171125694
159	0.170620899	0.157258065	0.170448815	0.188508065	0.171961674
160	0.173076923	0.158690176	0.17096611	0.19203629	0.174899194
161	0.171961674	0.158505805	0.171875	0.191746351	0.175314861
162	0.175012645	0.159574468	0.172727273	0.192133132	0.176589304
163	0.176144942	0.162367223	0.174307305	0.193353474	0.178427419
164	0.177598385	0.162790698	0.176500252	0.193450882	0.179979778
165	0.178247734	0.164818548	0.179848866	0.194556452	0.182231196
166	0.179888833	0.165489405	0.181818182	0.195564516	0.182871537
167	0.181726401	0.16851665	0.18360161	0.195959596	0.183148335
168	0.184157417	0.170707071	0.183879093	0.197275479	0.186868687
169	0.184755174	0.172465961	0.185427136	0.198184569	0.18809884
170	0.186646434	0.175429727	0.187090267	0.198789102	0.186304129
171	0.188383838	0.176767677	0.189202825	0.201515152	0.187625755
172	0.18989899	0.178643725	0.189393939	0.202518892	0.190115986
173	0.191822312	0.18012109	0.190716448	0.204225352	0.190020161
174	0.193141704	0.180947581	0.191339376	0.204637097	0.190452261
175	0.19555331	0.183013145	0.191801619	0.205541562	0.19201617
176	0.195245321	0.182871537	0.196969697	0.208185953	0.19201617
177	0.196779064	0.184755174	0.198284561	0.208040201	0.192734612
178	0.19858871	0.185128983	0.199899295	0.209571788	0.195355881
179	0.200302725	0.187373737	0.201923077	0.209807887	0.196068548
180	0.201111673	0.189611699	0.202920443	0.210976838	0.197874494
181	0.201108871	0.193319838	0.204030227	0.21209068	0.19979716
182	0.204740292	0.195355881	0.204442201	0.212060302	0.199095023
183	0.205555556	0.195146613	0.206060606	0.212411705	0.199798184
184	0.207157258	0.198384654	0.208375378	0.214033317	0.202525253
185	0.208585859	0.198994975	0.209196564	0.216666667	0.204030227
186	0.207175341	0.201010101	0.20959596	0.218181818	0.204934542
187	0.209113924	0.204556962	0.210181452	0.218922999	0.206549118
188	0.210606061	0.205154118	0.210393542	0.220654912	0.207070707
189	0.212121212	0.207070707	0.211296016	0.221270161	0.208270298
190	0.212273642	0.207366297	0.213817448	0.223730518	0.209113924
191	0.21251893	0.207805373	0.212443096	0.224849095	0.20927887
192	0.212626263	0.208185953	0.214501511	0.225188917	0.210287443
193	0.213387016	0.210207175	0.214033317	0.226700252	0.212304589
194	0.21536906	0.211004543	0.214141414	0.228326613	0.213346815
195	0.216052499	0.211693548	0.21511335	0.228946041	0.213313162
196	0.219018715	0.213709677	0.217325228	0.234161176	0.214141414
197	0.22082495	0.215005035	0.218734177	0.236988378	0.215686275
198	0.223452441	0.214429869	0.217522659	0.235530951	0.216448032
199	0.223737374	0.217566885	0.219929542	0.235796883	0.216843167
200	0.224520686	0.214646465	0.218466196	0.237903226	0.215794769
201	0.227158001	0.217237903	0.221047331	0.240040343	0.217632242
202	0.228672388	0.218529708	0.222166247	0.242057489	0.220090863
203	0.230963187	0.219979818	0.223624432	0.24231738	0.2215478
204	0.234729934	0.220766129	0.22306143	0.244332494	0.221493441
205	0.232862903	0.222390318	0.225643614	0.245454545	0.223007064
206	0.235887097	0.222110045	0.228557013	0.246981891	0.226051698
207	0.237783375	0.224861041	0.230379747	0.247854619	0.226424609
208	0.238768299	0.225416036	0.230186774	0.247983871	0.228008089
209	0.238287154	0.227547931	0.229879276	0.250252781	0.229879276
210	0.237783375	0.228052472	0.234461849	0.250629089	0.228441755
211	0.238287154	0.230652504	0.235887097	0.25138539	0.2302267
212	0.237253912	0.231079717	0.235915493	0.253535354	0.232511324
213	0.237638749	0.232358871	0.236510338	0.252896725	0.231701161
214	0.23891129	0.233484619	0.237424547	0.252012072	0.234817814
215	0.240384615	0.234343434	0.237518911	0.254040404	0.234760705
216	0.240282686	0.234642497	0.240161453	0.254674078	0.235678392
217	0.240665994	0.235116044	0.240282686	0.255030181	0.238790932
218	0.241553202	0.235501765	0.239939638	0.256695301	0.23905385
219	0.242163802	0.237399194	0.241935484	0.25753012	0.240161453
220	0.242821159	0.23891129	0.243951613	0.258829465	0.240020212
221	0.244221106	0.239536056	0.243963783	0.257788945	0.244455645
222	0.246589186	0.23929471	0.245083207	0.25743073	0.243447581
223	0.246969697	0.240423387	0.245587494	0.258438287	0.245349422
224	0.249874055	0.241553202	0.247854619	0.261437908	0.247100353
225	0.250758342	0.242576749	0.248366013	0.26249369	0.247854619
226	0.25440806	0.242684157	0.25	0.259426848	0.248237664
227	0.255308392	0.242561775	0.248490946	0.262865792	0.250378597
228	0.25515853	0.243939394	0.248366013	0.265254665	0.252012072
229	0.257200606	0.246215943	0.249621785	0.267776097	0.25327291
230	0.256165073	0.247219414	0.252143217	0.268415742	0.254032258
231	0.257042254	0.248112733	0.251382604	0.268513854	0.253145445
232	0.258698941	0.247983871	0.253528226	0.268145161	0.256165073
233	0.259426848	0.248741188	0.254931715	0.26878467	0.257836198
234	0.261375126	0.249370277	0.253663466	0.268746855	0.258829465
235	0.261592742	0.251134644	0.254911839	0.27075994	0.259557344
236	0.262204328	0.252147549	0.255661802	0.271766482	0.261066398
237	0.265048053	0.251638931	0.255790534	0.272314675	0.261437908
238	0.266397578	0.252392947	0.256552419	0.273689516	0.263608871
239	0.266397578	0.252143217	0.258663988	0.275201613	0.263476071
240	0.267171717	0.253030303	0.260343088	0.276209677	0.262733232
241	0.268010076	0.254931715	0.260343088	0.27665996	0.264587525
242	0.269560828	0.254168772	0.260935143	0.277442095	0.26546003
243	0.269327943	0.254545455	0.26080402	0.277581864	0.266096579
244	0.270215972	0.254160363	0.261809045	0.279596977	0.266465561
245	0.270487682	0.254793138	0.262733232	0.281831907	0.265223956
246	0.270990447	0.255415617	0.263846928	0.281960586	0.267506297
247	0.272222222	0.257836198	0.263979849	0.283844992	0.268243583
248	0.272084806	0.256913022	0.263581489	0.287512588	0.269153226
249	0.273827534	0.26010101	0.26519337	0.287009063	0.269250126
250	0.273551637	0.259707514	0.266532055	0.288743059	0.268844221
251	0.272544081	0.26135217	0.267336683	0.289672544	0.269560828
252	0.274470232	0.261220373	0.268145161	0.290598291	0.272269753
253	0.277272727	0.263503281	0.268649194	0.292964824	0.272910373
254	0.278506559	0.263769581	0.267371601	0.29527163	0.27671371
255	0.280100756	0.263979849	0.269056032	0.297379032	0.27693857
256	0.280463243	0.263503281	0.26969697	0.297283702	0.27881228
257	0.281470292	0.264483627	0.271263211	0.299395161	0.27881228
258	0.283770161	0.266027259	0.272314675	0.299093656	0.279818822
259	0.283408976	0.266767524	0.271903323	0.300502513	0.280241935
260	0.282115869	0.26740666	0.273641851	0.300702811	0.279878971
261	0.284269095	0.267541646	0.275376884	0.298439859	0.280745968
262	0.286579213	0.269753397	0.277108434	0.30115636	0.282762097
263	0.286290323	0.270801815	0.279093199	0.3029693	0.281831907
264	0.287083754	0.272314675	0.278589421	0.304238143	0.283559578
265	0.286434695	0.274608783	0.27917505	0.303822938	0.285067873
266	0.289620253	0.276348966	0.279596977	0.306101866	0.286434695
267	0.292695214	0.27584468	0.282696177	0.3081571	0.28686462
268	0.292781424	0.276992936	0.284921836	0.308195073	0.290826613
269	0.29527163	0.278225806	0.28578629	0.309319899	0.290826613
270	0.297229219	0.279093199	0.286505539	0.310327456	0.292276628
271	0.2964087	0.281029263	0.286073404	0.312217195	0.292400604
272	0.298537569	0.278225806	0.286290323	0.310240964	0.292781424
273	0.300907258	0.281831907	0.288161209	0.313350126	0.294058409
274	0.299899194	0.280524723	0.287298387	0.314357683	0.295362903
275	0.300554715	0.281391831	0.289818548	0.314257028	0.294561934
276	0.299192735	0.280887544	0.289023162	0.314759036	0.295866935
277	0.301459487	0.283190308	0.290954774	0.315075377	0.296875
278	0.302372539	0.280966767	0.290387519	0.319191919	0.295568983
279	0.304589007	0.281909548	0.291687657	0.318250377	0.300101215
280	0.301715439	0.283913263	0.291919192	0.318891688	0.301259446
281	0.305401312	0.28283845	0.291750503	0.320745217	0.3029693
282	0.305555556	0.284199899	0.292781424	0.32193159	0.303167421
283	0.308430086	0.284921836	0.294768612	0.323247605	0.303733602
284	0.310797175	0.286720322	0.296277666	0.32428356	0.304522613
285	0.309979839	0.286290323	0.297229219	0.325100806	0.303535354
286	0.312310797	0.288877705	0.297229219	0.324949698	0.306410904
287	0.312342569	0.287657431	0.29702471	0.325651303	0.305178482
288	0.316691881	0.28975265	0.299295775	0.327629592	0.302923387
289	0.315842583	0.288956127	0.298792757	0.326952141	0.306256307
290	0.316002019	0.28858723	0.29894313	0.328470825	0.304128902
291	0.316187595	0.290826613	0.30201005	0.33064109	0.305401312
292	0.318410463	0.28983308	0.302466029	0.331985851	0.307383225
293	0.318455366	0.291037261	0.301659125	0.332327803	0.311335013
294	0.317724068	0.292276628	0.301715439	0.333501006	0.311871227
295	0.322076613	0.294354839	0.301515152	0.335175879	0.314199396
296	0.321897074	0.295007564	0.302816901	0.335178661	0.311491935
297	0.320564516	0.295568983	0.303365143	0.335173106	0.31454454
298	0.322239032	0.29667003	0.305639476	0.335850957	0.315047811
299	0.324419778	0.29702471	0.306184012	0.335007534	0.31570997
300	0.324760464	0.295774648	0.306955645	0.338021095	0.316080402
301	0.322921914	0.297583082	0.309823678	0.336349925	0.31703629
302	0.327959698	0.297324584	0.309392265	0.337695018	0.318410463
303	0.328125	0.29894313	0.310674723	0.338190955	0.320745217
304	0.329133065	0.297732997	0.311491935	0.340714645	0.319738167
305	0.329133065	0.299343766	0.309703369	0.341536916	0.320745217
306	0.330819507	0.301259446	0.310865191	0.343434343	0.320783133
307	0.332159034	0.30267812	0.311491935	0.344394168	0.321769734
308	0.335509794	0.303625378	0.310640444	0.344444444	0.322418136
309	0.334843907	0.302571861	0.312342569	0.343561368	0.321752266
310	0.334004024	0.303472572	0.311368209	0.345747358	0.323440644
311	0.336528759	0.304632427	0.313222725	0.34559194	0.323929471
312	0.337871911	0.305289673	0.313380282	0.345902464	0.325113236
313	0.336693548	0.307070707	0.311838791	0.346599496	0.325955734
314	0.339042821	0.303886926	0.314889336	0.346250629	0.32629462
315	0.337355455	0.304479114	0.315869018	0.347236181	0.326612903
316	0.342597271	0.306606152	0.318410463	0.345902464	0.328463476
317	0.340886203	0.307653575	0.317220544	0.346949067	0.328470825
318	0.343734273	0.307344064	0.317907445	0.351160444	0.328470825
319	0.345417925	0.308971774	0.318913481	0.351432881	0.329476861
320	0.344914401	0.3097524	0.317404427	0.353118712	0.328650276
321	0.346095718	0.309319899	0.319738167	0.352941176	0.329299042
322	0.346619576	0.309164149	0.317771084	0.353799698	0.328132864
323	0.347432024	0.309667674	0.321752266	0.353413655	0.327975892
324	0.346579477	0.310831234	0.321572581	0.353118712	0.329139406
325	0.347585513	0.311021641	0.324092742	0.35501765	0.33064922
326	0.349446123	0.3138833	0.323929471	0.354952237	0.33249497
327	0.348790323	0.312531454	0.32358871	0.355309512	0.333333333
328	0.34942182	0.313982837	0.324106694	0.35448137	0.334004024
329	0.350629723	0.314012097	0.326437941	0.355130785	0.333501006
330	0.351786613	0.315842583	0.32542886	0.355778894	0.335181452
331	0.351758794	0.315842583	0.327135678	0.358974359	0.334673367
332	0.353326613	0.315683308	0.327455919	0.358613762	0.337027708
333	0.355521936	0.315338042	0.327473631	0.358043369	0.336519115
334	0.355130785	0.316161616	0.330141129	0.358186398	0.341046278
335	0.353296427	0.316372796	0.328463476	0.358509567	0.340886203
336	0.35362173	0.31570997	0.330645161	0.357862903	0.340725806
337	0.35448137	0.318067438	0.330487192	0.359516616	0.344427635
338	0.355957768	0.320545179	0.330823293	0.359979889	0.340909091
339	0.355778894	0.321717172	0.331989924	0.359759157	0.341574168
340	0.354806241	0.321862348	0.332159034	0.361573374	0.340382679
341	0.356854839	0.320403023	0.334338864	0.362537764	0.343561368
342	0.356639839	0.321087066	0.334173387	0.364551863	0.345399698
343	0.358909642	0.321590337	0.334005038	0.365191147	0.347760443
344	0.357178841	0.321410579	0.335516373	0.368024133	0.346424975
345	0.356854839	0.319556452	0.336698637	0.367839196	0.34828629
346	0.357322597	0.322921914	0.337016575	0.370519939	0.34795764
347	0.358547655	0.323247605	0.337191746	0.368076536	0.349318526
348	0.359335682	0.322906155	0.336528759	0.369215292	0.350125945
349	0.36074672	0.324596774	0.339537223	0.368658965	0.351515152
350	0.36102719	0.325933401	0.338880484	0.368024133	0.350100604
351	0.361895161	0.326757714	0.338709677	0.369083585	0.350727546
352	0.360383065	0.328282828	0.338880484	0.368712274	0.352141058
353	0.360845496	0.32677761	0.340382679	0.368129097	0.353148615
354	0.359477124	0.327116935	0.340060545	0.37046371	0.354009077
355	0.360663984	0.32677761	0.343231002	0.371788413	0.353443942
356	0.362720403	0.328290469	0.342583249	0.371975806	0.355130785
357	0.361167002	0.327291037	0.344584383	0.371975806	0.355991944
358	0.360845496	0.327786183	0.344410876	0.372361809	0.353652393
359	0.36207766	0.329126704	0.3467539	0.375376884	0.35409342
360	0.36244321	0.329476861	0.348308935	0.372046254	0.354449472
361	0.360120542	0.330478589	0.34795764	0.375062846	0.354302969
362	0.362304194	0.33064922	0.346579477	0.376760563	0.35678392
363	0.36203424	0.33064922	0.347103275	0.376760563	0.356350806
364	0.362399194	0.332155477	0.347760443	0.376760563	0.357968829
365	0.36391129	0.332159034	0.347103275	0.378337531	0.358471594
366	0.362720403	0.333669355	0.346928499	0.378405651	0.357825868
367	0.36391129	0.334004024	0.347257172	0.376884422	0.35915493
368	0.364688129	0.335347432	0.346270161	0.377206253	0.360060514
369	0.364094806	0.336528759	0.349773528	0.38028169	0.360523666
370	0.367943548	0.335681933	0.348241206	0.380210949	0.360482655
371	0.367758186	0.337373737	0.349597586	0.378147029	0.362537764
372	0.36675063	0.337367625	0.349597586	0.377956719	0.360845496
373	0.369029663	0.339375629	0.349622166	0.37751004	0.365558912
374	0.369215292	0.340232206	0.35078007	0.37845999	0.364002011
375	0.368951613	0.339889057	0.35163728	0.379587733	0.367758186
376	0.371154816	0.339546599	0.351310484	0.378147029	0.367439516
377	0.371471774	0.339384771	0.349270257	0.38028169	0.370090634
378	0.372034326	0.340211374	0.351133501	0.38121547	0.367203219
379	0.371543489	0.342914776	0.351609658	0.381598793	0.367706237
380	0.370894391	0.34089763	0.351283342	0.38272225	0.369401107
381	0.371356784	0.343923348	0.350753769	0.382101559	0.370519939
382	0.372983871	0.346794548	0.351310484	0.383609854	0.371040724
383	0.3722334	0.346250629	0.352941176	0.383492703	0.372104733
384	0.371601208	0.347278226	0.352822581	0.38511815	0.371975806
385	0.373111782	0.347278226	0.352467271	0.385699899	0.371917464
386	0.373111782	0.349294355	0.352141058	0.387096774	0.371414192
387	0.375882947	0.348743719	0.351786613	0.385929648	0.371917464
388	0.375882947	0.349142281	0.35448137	0.386397985	0.371227364
389	0.375879397	0.349949648	0.354239839	0.388749372	0.374307305
390	0.374118832	0.34881373	0.356854839	0.389056225	0.373232323
391	0.377206253	0.34841629	0.355846774	0.392048314	0.373366834
392	0.377453447	0.349597586	0.357142857	0.389224572	0.375125881
393	0.376826196	0.350603622	0.359919233	0.390035229	0.375629406
394	0.375754527	0.351814516	0.355991944	0.39084507	0.373427277
395	0.374183827	0.351664985	0.360523666	0.390954774	0.374495968
396	0.377956719	0.349446123	0.359193955	0.390145802	0.377263581
397	0.3777666	0.349798387	0.36167002	0.390145802	0.376322418
398	0.378963261	0.348308935	0.361348767	0.38936277	0.376446905
399	0.37884131	0.352141058	0.362260343	0.39217653	0.379275654
400	0.379466532	0.349494949	0.362493715	0.388749372	0.378269618
401	0.381479618	0.352822581	0.361947791	0.391742195	0.378214826
402	0.378963261	0.353946707	0.362996481	0.391939547	0.378772636
403	0.379154079	0.353799698	0.363544814	0.391457286	0.379206429
404	0.379778672	0.350983359	0.36281407	0.39224572	0.380664653
405	0.380664653	0.352318548	0.365287588	0.391545043	0.38040201
406	0.380736258	0.355667506	0.364048338	0.394274234	0.380928355
407	0.380161128	0.355163728	0.367203219	0.395173454	0.37953629
408	0.380784708	0.355196771	0.366700201	0.395875252	0.379275654
409	0.380664653	0.356530509	0.368341709	0.394974874	0.380161128
410	0.380544355	0.356710394	0.367305752	0.396984925	0.379848866
411	0.381937437	0.358366935	0.3697733	0.397887324	0.380976346
412	0.384266263	0.357719475	0.368367863	0.397081027	0.380664653
413	0.382914573	0.358329139	0.370035194	0.39859084	0.380784708
414	0.383802817	0.358006042	0.374118832	0.397784491	0.38186398
415	0.385311871	0.358547655	0.37279597	0.397081027	0.381598793
416	0.384112619	0.359375	0.370910921	0.397184515	0.38325769
417	0.384305835	0.361712846	0.372864322	0.396482412	0.383299799
418	0.387373737	0.36102719	0.374118832	0.398386283	0.3839556
419	0.389001009	0.361251261	0.373737374	0.398794576	0.38612368
420	0.390010091	0.363590519	0.373803526	0.399597383	0.387631976
421	0.3905385	0.363865123	0.375	0.399195576	0.38832998
422	0.390120968	0.36199095	0.376446905	0.4	0.387826962
423	0.3905385	0.36167002	0.374371859	0.402212167	0.389140271
424	0.390954774	0.362720403	0.373676248	0.403826788	0.389728097
425	0.391654098	0.364967188	0.375314861	0.403913698	0.389643037
426	0.392048314	0.365287588	0.377272727	0.402512563	0.393037336
427	0.393037336	0.361895161	0.374622356	0.402617011	0.392749245
428	0.391809909	0.364094806	0.374937091	0.404319437	0.391851107
429	0.392048314	0.364368395	0.377453447	0.404641776	0.392156863
430	0.394351992	0.364551863	0.377643505	0.402212167	0.391064257
431	0.392964824	0.363819095	0.378963261	0.405323958	0.391851107
432	0.395571213	0.365927419	0.377396569	0.404319437	0.392749245
433	0.394458438	0.367862557	0.375125881	0.403720463	0.391939547
434	0.39768728	0.371342079	0.376257545	0.405323958	0.392767454
435	0.395676219	0.368024133	0.377520161	0.405323958	0.393665158
436	0.397784491	0.37184662	0.376760563	0.405120482	0.393558128
437	0.395770393	0.371917464	0.378650554	0.406643181	0.392659628
438	0.396074484	0.370967742	0.37884131	0.403517588	0.393269714
439	0.396969697	0.371730382	0.378147029	0.403128153	0.393863179
440	0.397384306	0.373615307	0.377073906	0.404319437	0.395582329
441	0.397584298	0.372608258	0.379778672	0.405636638	0.395875252
442	0.398994975	0.373803526	0.38002008	0.406139909	0.396283275
443	0.400403429	0.374811083	0.381287726	0.406754032	0.39869281
444	0.399293286	0.376257545	0.379154079	0.407444668	0.399496222
445	0.39889336	0.374307305	0.383685801	0.407239819	0.397892624
446	0.400402414	0.377833753	0.383685801	0.408953722	0.400402414
447	0.400503778	0.376826196	0.383685801	0.407537688	0.400402414
448	0.400605449	0.376446905	0.38322451	0.408542714	0.401916288
449	0.401408451	0.379466532	0.380904523	0.41064257	0.401610468
450	0.402518892	0.380687563	0.384152457	0.41025641	0.402819738
451	0.401610468	0.37845999	0.385542169	0.410965795	0.405541562
452	0.401709402	0.37845999	0.386203424	0.41084882	0.406030151
453	0.402525253	0.37845999	0.385699899	0.411586902	0.405133367
454	0.402015113	0.379606259	0.386432161	0.411675893	0.404725993
455	0.401610468	0.377777778	0.387713998	0.409753645	0.404319437
456	0.402917505	0.37845999	0.386820926	0.415027736	0.404821698
457	0.401511335	0.378650554	0.388749372	0.417715148	0.403209629
458	0.403729839	0.381168177	0.387682988	0.415702063	0.40604534
459	0.401610468	0.380928355	0.390868038	0.416164659	0.404030227
460	0.405446293	0.382249117	0.390145802	0.417295123	0.406847936
461	0.406549118	0.384537645	0.390145802	0.417670683	0.406532663
462	0.40604534	0.383333333	0.391545043	0.415577889	0.407762097
463	0.406344411	0.385311871	0.392048314	0.416120907	0.406830738
464	0.407649723	0.386706949	0.392156863	0.416414904	0.406737054
465	0.408266129	0.387796268	0.392354125	0.415826613	0.408060453
466	0.407649723	0.385814889	0.395067942	0.416289593	0.409753645
467	0.410669351	0.38608871	0.397881997	0.414866901	0.40945674
468	0.410050251	0.389112903	0.395864851	0.416373682	0.410759175
469	0.408245349	0.385469223	0.3977789	0.416792358	0.410191726
470	0.409869084	0.388217523	0.396777442	0.416205335	0.40716448
471	0.409959759	0.386706949	0.395477387	0.418511066	0.410282258
472	0.408953722	0.386626445	0.397081027	0.416624685	0.411646586
473	0.41084882	0.387600806	0.396577755	0.416792358	0.413480885
474	0.411290323	0.388022144	0.396577755	0.415454089	0.410462777
475	0.413514876	0.387826962	0.396881288	0.416792358	0.412594458
476	0.414486922	0.388217523	0.396673387	0.419728234	0.414818548
477	0.413688978	0.387991927	0.399597383	0.417378202	0.411883182
478	0.41209068	0.388525415	0.398994975	0.420574887	0.411586902
479	0.413602015	0.390735146	0.402113739	0.419728234	0.413393756
480	0.412802419	0.389924433	0.402113739	0.422032193	0.412386707
481	0.413602015	0.389590702	0.403120282	0.419678715	0.412682436
482	0.412594458	0.391151332	0.407835259	0.420894023	0.413514876
483	0.414070352	0.391919192	0.408564232	0.421105528	0.411557789
484	0.415826613	0.39231547	0.409365559	0.420603015	0.414523449
485	0.41591138	0.388832998	0.409159537	0.420523139	0.414695521
486	0.416666667	0.3905385	0.40906801	0.424333836	0.414450577
487	0.414105793	0.389616935	0.410372608	0.426056338	0.417925478
488	0.414364641	0.391238671	0.411055276	0.427565392	0.419014085
489	0.416120907	0.392641129	0.411290323	0.426122037	0.420362903
490	0.413897281	0.391742195	0.40906801	0.423387097	0.417715148
491	0.415532022	0.391129032	0.40813253	0.424471299	0.418300654
492	0.414695521	0.393162393	0.406532663	0.423831071	0.416624685
493	0.417128463	0.394046418	0.407854985	0.424685139	0.418557741
494	0.416582406	0.395266868	0.408770161	0.42555332	0.421105528
495	0.416414904	0.394856278	0.40906801	0.423831071	0.419436052
496	0.416246216	0.396273917	0.40945674	0.426559356	0.420523139
497	0.418557741	0.39697733	0.40945674	0.42806841	0.423387097
498	0.418008048	0.39859084	0.410282258	0.427277302	0.423251132
499	0.417549168	0.397377711	0.41025641	0.427350427	0.422960725
500	0.418592965	0.396473552	0.410075567	0.428283845	0.4224572
501	0.418850806	0.398288016	0.409934772	0.426344897	0.425692695
502	0.418721691	0.399295065	0.409274194	0.428355958	0.425414365
503	0.419095477	0.400201106	0.41034656	0.430583501	0.426204819
504	0.420311714	0.39798995	0.413897281	0.429432446	0.426418885
505	0.418511066	0.398185484	0.413897281	0.427062374	0.427780574
506	0.419858871	0.396673387	0.414523449	0.429648241	0.427710843
507	0.421662469	0.399094112	0.415454089	0.426056338	0.428643216
508	0.420020121	0.4	0.415492958	0.426056338	0.430800201
509	0.421875	0.399597383	0.414732593	0.429506546	0.427995972
510	0.424609178	0.400605449	0.41498994	0.428571429	0.429435484
511	0.422032193	0.404030227	0.417002012	0.429003021	0.43001007
512	0.422032193	0.404534005	0.414105793	0.428140704	0.429290388
513	0.423677582	0.40595058	0.415702063	0.431943747	0.429577465
514	0.422903064	0.404341242	0.415617128	0.431155779	0.428499242
515	0.424685139	0.405241935	0.416834677	0.43360161	0.4302267
516	0.421953676	0.405241935	0.418346774	0.433668342	0.429864253
517	0.421875	0.405636638	0.41591138	0.431806744	0.431589537
518	0.424974824	0.406454866	0.420020121	0.433316558	0.431372549
519	0.421317245	0.404833837	0.419354839	0.432459677	0.431806744
520	0.422379032	0.407669021	0.418721691	0.4332999	0.433182047
521	0.423328306	0.405840886	0.417632242	0.435110664	0.4343231
522	0.425050302	0.406659939	0.419517103	0.435240964	0.434979839
523	0.424409844	0.404737903	0.418592965	0.4332999	0.433450527
524	0.42224459	0.408472012	0.420231505	0.4332999	0.434038268
525	0.42418136	0.407239819	0.419224962	0.436775819	0.433316558
526	0.423038229	0.406643181	0.419728234	0.433819829	0.431943747
527	0.425339367	0.40835851	0.420866935	0.435418769	0.432527694
528	0.424533064	0.408976299	0.422032193	0.433686334	0.432446007
529	0.42555332	0.41078629	0.422670025	0.436995968	0.433668342
530	0.425050302	0.406847936	0.42081448	0.436026091	0.436052367
531	0.42418136	0.408656266	0.42160804	0.434520823	0.433753149
532	0.42555332	0.407444668	0.424623116	0.43627204	0.433450527
533	0.427492447	0.406959153	0.426344897	0.437562941	0.432880845
534	0.427634897	0.408152994	0.425200803	0.438253012	0.43338361
535	0.428140704	0.406771097	0.425842132	0.437688442	0.435418769
536	0.426988922	0.406438632	0.425188917	0.439577039	0.431943747
537	0.428282828	0.408862034	0.426056338	0.439355813	0.434541793
538	0.427277302	0.409182644	0.426633166	0.440524194	0.43360161
539	0.426841574	0.40925088	0.425403226	0.441813602	0.435264484
540	0.428715365	0.409869084	0.428715365	0.441649899	0.435110664
541	0.429506546	0.411468813	0.425767489	0.442269076	0.435240964
542	0.428427419	0.411497731	0.425767489	0.442211055	0.437029604
543	0.427350427	0.411824154	0.426196474	0.442713568	0.435175879
544	0.42806841	0.411913175	0.424760946	0.442878712	0.43627204
545	0.429361488	0.41209068	0.426559356	0.443438914	0.435678392
546	0.427923387	0.412209889	0.427638191	0.439759036	0.435329643
547	0.428571429	0.412002017	0.427346115	0.440302267	0.435329643
548	0.430513595	0.414105793	0.428140704	0.441368898	0.435175879
549	0.431234257	0.413427562	0.427634897	0.442211055	0.43360161
550	0.430443548	0.412922766	0.427350427	0.441532258	0.432948267
551	0.433467742	0.41271443	0.428139183	0.442655936	0.433534743
552	0.431669188	0.412594458	0.427995972	0.441427853	0.4361167
553	0.431086519	0.413897281	0.426841574	0.443438914	0.43438914
554	0.432024169	0.414141414	0.43101712	0.443044355	0.436052367
555	0.432310015	0.416036309	0.431086519	0.443661972	0.435897436
556	0.430660615	0.415237134	0.428283845	0.443324937	0.435987903
557	0.432813286	0.415322581	0.43029693	0.44494721	0.436619718
558	0.433971774	0.415065723	0.430653266	0.445281124	0.436555891
559	0.434979839	0.415702063	0.43029693	0.445449975	0.436180905
560	0.435264484	0.413983903	0.431520645	0.44321608	0.43718593
561	0.436619718	0.416414904	0.431955645	0.443158954	0.438128773
562	0.434760705	0.417842742	0.433232932	0.442986882	0.438631791
563	0.434914228	0.417925478	0.430808081	0.445559458	0.436052367
564	0.435613682	0.415577889	0.432527694	0.445843829	0.440422323
565	0.434409687	0.41595154	0.432446007	0.445898339	0.439698492
566	0.433031219	0.417715148	0.431875314	0.444221106	0.439637827
567	0.435329643	0.420654912	0.431875314	0.445783133	0.437405732
568	0.434607646	0.420362903	0.433098592	0.446904882	0.440362355
569	0.435110664	0.420946626	0.433098592	0.446904882	0.441043653
570	0.437657749	0.419273461	0.434760705	0.445171026	0.441473259
571	0.435045317	0.420707071	0.43419062	0.44640161	0.439637827
572	0.438473129	0.41750503	0.433165829	0.447461036	0.442655936
573	0.440302267	0.420100503	0.433098592	0.447686117	0.440925088
574	0.439455096	0.419647355	0.431164902	0.448917967	0.442821159
575	0.439538384	0.421212121	0.432813286	0.44595274	0.441872169
576	0.439919558	0.420734776	0.432595573	0.448917967	0.443491423
577	0.44237544	0.420734776	0.433534743	0.448016072	0.444668008
578	0.44231738	0.419517103	0.433316558	0.447289157	0.44276349
579	0.444332494	0.419517103	0.435394671	0.447183099	0.445115811
580	0.443101712	0.422379032	0.434104628	0.44640161	0.442878712
581	0.442655936	0.419808949	0.436555891	0.449246231	0.445454545
582	0.440302267	0.420443102	0.434455048	0.447461036	0.443718593
583	0.441649899	0.420654912	0.434038268	0.448692153	0.440865627
584	0.441427853	0.420020121	0.435459568	0.44695827	0.440362355
585	0.440566515	0.421026157	0.436839456	0.447461036	0.44126506
586	0.441591138	0.42115869	0.43570348	0.446851385	0.440422323
587	0.441146881	0.421662469	0.435961828	0.448743719	0.440746344
588	0.441813602	0.421953676	0.434038268	0.449421238	0.439355813
589	0.440643863	0.422110553	0.435110664	0.450201207	0.43753136
590	0.441649899	0.422032193	0.436775819	0.448466566	0.438790932
591	0.441368898	0.420231505	0.437908497	0.449472097	0.440140845
592	0.440181726	0.420523139	0.437720625	0.451483157	0.438287154
593	0.442705704	0.423173804	0.436336185	0.451580532	0.438287154
594	0.440643863	0.421741319	0.438411262	0.44962406	0.440703518
595	0.44048217	0.421583459	0.437845999	0.448795181	0.43997991
596	0.44125063	0.420919656	0.439759036	0.448569995	0.439698492
597	0.441649899	0.42224459	0.438631791	0.450251256	0.442713568
598	0.441146881	0.420362903	0.438975389	0.449195171	0.444220091
599	0.443158954	0.420443102	0.437845999	0.451889169	0.442821159
600	0.440302267	0.41969697	0.438790932	0.450704225	0.443661972
601	0.4437751	0.421953676	0.43989899	0.449522853	0.443381983
602	0.443995964	0.421079173	0.44120603	0.449874055	0.443941679
603	0.443715295	0.420362903	0.442094663	0.451059536	0.444388525
604	0.444332494	0.423754404	0.442094663	0.451531894	0.446509292
605	0.444220091	0.424333836	0.44249121	0.450477627	0.445728643
606	0.444444444	0.422592032	0.440703518	0.451937594	0.445449975
607	0.446014127	0.42431887	0.44321608	0.453266332	0.445898339
608	0.443715295	0.422535211	0.442655936	0.454362078	0.443828715
609	0.447580645	0.423600605	0.44276349	0.455778894	0.44534005
610	0.446293495	0.42346425	0.442598187	0.454864594	0.442878712
611	0.447738693	0.42361809	0.442993471	0.456740443	0.444891797
612	0.447911424	0.422670025	0.442655936	0.452991453	0.442152918
613	0.446068548	0.425617751	0.443044355	0.454453951	0.443941679
614	0.448258455	0.424760946	0.442821159	0.454271357	0.442878712
615	0.447011552	0.426700252	0.444108761	0.457788945	0.443381983
616	0.445898339	0.422592032	0.443828715	0.456423174	0.44416499
617	0.448032291	0.425692695	0.442269076	0.456740443	0.444108761
618	0.444891797	0.42555332	0.440865627	0.456237425	0.44321608
619	0.445060484	0.425478348	0.444891797	0.454089313	0.444444444
620	0.445171026	0.425050302	0.442878712	0.454225352	0.444780635
621	0.444388525	0.426130653	0.44416499	0.454043194	0.444221106
622	0.446347607	0.426196474	0.443044355	0.451434323	0.444332494
623	0.445060484	0.425478348	0.44416499	0.453722334	0.4437751
624	0.445395068	0.423967774	0.442713568	0.454453951	0.443267776
625	0.444052419	0.425478348	0.443939394	0.452716298	0.44321608
626	0.444108761	0.425692695	0.441591138	0.454225352	0.439859084
627	0.445171026	0.426485398	0.441649899	0.454225352	0.442993471
628	0.444723618	0.425628141	0.44126506	0.453494218	0.443997991
629	0.447633434	0.426485398	0.443605237	0.45472837	0.444052419
630	0.445171026	0.426774031	0.443324937	0.452130326	0.444108761
631	0.444723618	0.424974824	0.437122736	0.451158107	0.443828715
632	0.443605237	0.426559356	0.440080564	0.450527373	0.443438914
633	0.444108761	0.423387097	0.441813602	0.452261307	0.44237544
634	0.444780635	0.425403226	0.441087613	0.452261307	0.441930618
635	0.444500505	0.425981873	0.440865627	0.452584044	0.441767068
636	0.443661972	0.427062374	0.44048217	0.452811245	0.443438914
637	0.442878712	0.425478348	0.441708543	0.455276382	0.443438914
638	0.443044355	0.426056338	0.440865627	0.456325301	0.443939394
639	0.44198895	0.427923387	0.440140845	0.456423174	0.443828715
640	0.444836272	0.426988922	0.440806045	0.453266332	0.443324937
641	0.444891797	0.426188069	0.44249121	0.455231388	0.443324937
642	0.44534005	0.424609178	0.439798489	0.455415617	0.444723618
643	0.446293495	0.426700252	0.439859084	0.456926952	0.443772063
644	0.446068548	0.424257675	0.438473129	0.456467036	0.44416499
645	0.44612286	0.426915323	0.440643863	0.455505279	0.446293495
646	0.444108761	0.425113464	0.441649899	0.455823293	0.444668008
647	0.447633434	0.424028269	0.440422323	0.455734406	0.446285141
648	0.447700859	0.424257675	0.440968718	0.456926952	0.443941679
649	0.446347607	0.426988922	0.438975389	0.455963764	0.44237544
650	0.446797781	0.426122037	0.438852542	0.456696878	0.44595274
651	0.446572581	0.425264217	0.438128773	0.456554495	0.44494721
652	0.450201207	0.424257675	0.439477649	0.454499749	0.446347607
653	0.447633434	0.426196474	0.438852542	0.45678392	0.443941679
654	0.450201207	0.424609178	0.439257028	0.455186304	0.442993471
655	0.450151057	0.421370968	0.439637827	0.457243461	0.443158954
656	0.450100806	0.4224572	0.441919192	0.454957222	0.44237544
657	0.452392947	0.424257675	0.440746344	0.456510809	0.444388525
658	0.450151057	0.423038229	0.441146881	0.454043194	0.445449975
659	0.451531894	0.422960725	0.440524194	0.452440866	0.444836272
660	0.449596774	0.424823411	0.441696113	0.453313253	0.446239273
661	0.449195171	0.422883065	0.442936149	0.452763819	0.444500505
662	0.449596774	0.4224572	0.442152918	0.454591069	0.444500251
663	0.449319213	0.421953676	0.440422323	0.454453951	0.44321608
664	0.449748744	0.424547284	0.44237544	0.454499749	0.443661972
665	0.449370277	0.421796165	0.441427853	0.455689829	0.444332494
666	0.450881612	0.424120603	0.443661972	0.458563536	0.443044355
667	0.450151057	0.424257675	0.44198895	0.455734406	0.442211055
668	0.449596774	0.425403226	0.442993471	0.456510809	0.441591138
669	0.448917967	0.42346425	0.443273092	0.455689829	0.444836272
670	0.448917967	0.424609178	0.443495731	0.455689829	0.443381983
671	0.448969331	0.424760946	0.44321608	0.458019105	0.444723618
672	0.449974862	0.425050302	0.444891797	0.458019105	0.444221106
673	0.449472097	0.424257675	0.44321608	0.458207452	0.442821159
674	0.450881612	0.423814329	0.443718593	0.45797685	0.442936149
675	0.451158107	0.423328306	0.44612286	0.457200403	0.444108761
676	0.452116935	0.423173804	0.445843829	0.459378134	0.441696113
677	0.45367573	0.4224572	0.445619335	0.458103362	0.444444444
678	0.450527373	0.424974824	0.445281124	0.459527401	0.443718593
679	0.450100806	0.423309788	0.446509292	0.459718026	0.443605237
680	0.452440866	0.423677582	0.445284922	0.459839357	0.443661972
681	0.452716298	0.423891129	0.445564516	0.459879639	0.443158954
682	0.451029633	0.424104892	0.443715295	0.459486663	0.44534005
683	0.453353505	0.422960725	0.444388525	0.46080402	0.443997991
684	0.453447408	0.423600605	0.44494721	0.459255533	0.443548387
685	0.454773869	0.423096319	0.442713568	0.460261569	0.443718593
686	0.454453951	0.422166247	0.444500251	0.459255533	0.442540323
687	0.454866364	0.4224572	0.44237544	0.46080402	0.444668008
688	0.454499749	0.422400804	0.442200909	0.459989935	0.444332494
689	0.454179255	0.420946626	0.441872169	0.463512833	0.444332494
690	0.452849218	0.422322775	0.442540323	0.462349398	0.442936149
691	0.453857791	0.421583459	0.442152918	0.461577097	0.441087613
692	0.453950679	0.423387097	0.441872169	0.459568056	0.441872169
693	0.452573158	0.423523473	0.441427853	0.460070316	0.443885254
694	0.453400504	0.422513882	0.441591138	0.459214502	0.441767068
695	0.455505279	0.421741319	0.442936149	0.458983392	0.443718593
696	0.454453951	0.421741319	0.437342728	0.457013575	0.441087613
697	0.451710262	0.422960725	0.440261044	0.459024635	0.440422323
698	0.45367573	0.422883065	0.439759036	0.459024635	0.440080564
699	0.451661631	0.425617751	0.439416792	0.457200403	0.441591138
700	0.453950679	0.425339367	0.438411262	0.457746479	0.439036628
701	0.451985923	0.423967774	0.438914027	0.456281407	0.440925088
702	0.453400504	0.424823411	0.439355813	0.456149194	0.440181726
703	0.451207243	0.424899194	0.439698492	0.454957222	0.441087613
704	0.452668681	0.424760946	0.440422323	0.453861585	0.440746344
705	0.450654582	0.423018677	0.43919598	0.455186304	0.439416792
706	0.452763819	0.421238047	0.439637827	0.455047715	0.440362355
707	0.45358224	0.423232323	0.438473129	0.45472837	0.439919558
708	0.453219316	0.420443102	0.437783375	0.454773869	0.436746988
709	0.451985923	0.420523139	0.43919598	0.454499749	0.434891905
710	0.45138539	0.422883065	0.438631791	0.453996983	0.437688442
711	0.451564077	0.422009086	0.437625755	0.454317269	0.438190955
712	0.452261307	0.421529175	0.436775819	0.45358224	0.43856999
713	0.451840645	0.421741319	0.434826371	0.453447408	0.434760705
714	0.454957222	0.421370968	0.437122736	0.453494218	0.436052367
715	0.454179255	0.4200706	0.437783375	0.454043194	0.435110664
716	0.454682779	0.422166247	0.435305918	0.450881612	0.438190955
717	0.455231388	0.422670025	0.436400201	0.453815261	0.437405732
718	0.454133065	0.421953676	0.436995968	0.453996983	0.438631791
719	0.455645161	0.420311714	0.437657749	0.455186304	0.437751004
720	0.454225352	0.421450151	0.438790932	0.45221328	0.437783375
721	0.456467036	0.420282543	0.438852542	0.453447408	0.43834927
722	0.457243461	0.42115869	0.440201005	0.452165156	0.437122736
723	0.456510809	0.421105528	0.439073515	0.452944137	0.437342728
724	0.456696878	0.419436052	0.438128773	0.453266332	0.436932392
725	0.456510809	0.419939577	0.437783375	0.452763819	0.437342728
726	0.45743073	0.420787084	0.437122736	0.453768844	0.436584133
727	0.455689829	0.420231505	0.439737771	0.452620968	0.4375
728	0.458669355	0.42115869	0.436619718	0.448917967	0.436683417
729	0.457243461	0.421238047	0.437562941	0.451256281	0.435068216
730	0.458291457	0.421370968	0.435394671	0.452991453	0.434760705
731	0.458480121	0.420866935	0.437468609	0.452261307	0.433753149
732	0.456970307	0.419647355	0.436207766	0.452991453	0.433886375
733	0.456696878	0.420151134	0.437059416	0.452991453	0.434826371
734	0.455874937	0.419728234	0.437405732	0.452763819	0.436207766
735	0.455002514	0.419517103	0.438534872	0.452488688	0.435110664
736	0.454133065	0.419095477	0.438066465	0.455002514	0.433668342
737	0.455549975	0.41511335	0.436400201	0.455231388	0.4343231
738	0.456970307	0.41876892	0.437279597	0.452488688	0.433031219
739	0.454911839	0.418475517	0.436180905	0.451029633	0.430939227
740	0.455002514	0.417925478	0.436026091	0.452440866	0.432310015
741	0.454957222	0.417295123	0.437625755	0.450753769	0.434038268
742	0.452944137	0.417085427	0.437468609	0.450527373	0.433098592
743	0.455002514	0.418721691	0.438914027	0.449698189	0.433450527
744	0.452896725	0.418511066	0.43834927	0.450931052	0.431875314
745	0.454453951	0.419354839	0.438852542	0.453038674	0.433467742
746	0.452488688	0.41821842	0.439477649	0.450704225	0.432024169
747	0.451661631	0.419143577	0.438914027	0.450477627	0.432527694
748	0.454225352	0.418008048	0.437405732	0.449974862	0.43338361
749	0.451710262	0.420151134	0.438446014	0.451483157	0.432745592
750	0.455141129	0.41876892	0.43929471	0.449370277	0.431441487
751	0.453722334	0.418429003	0.436995968	0.452034154	0.432663317
752	0.452392947	0.417085427	0.438128773	0.449522853	0.432391524
753	0.453904282	0.417421954	0.440020161	0.452716298	0.432310015
754	0.451710262	0.416205335	0.440925088	0.452440866	0.43360161
755	0.456796362	0.416498994	0.439416792	0.450201207	0.433534743
756	0.455460493	0.417759839	0.437468609	0.450803213	0.430583501
757	0.454682779	0.419647355	0.438190955	0.450201207	0.430939227
758	0.454316002	0.419224962	0.438631791	0.449020593	0.430513595
759	0.453219316	0.416540595	0.440686522	0.447236181	0.433819829
760	0.453494218	0.416498994	0.43919598	0.448016072	0.431589537
761	0.45472837	0.417715148	0.440362355	0.448414696	0.431441487
762	0.453629032	0.418850806	0.438287154	0.446904882	0.431086519
763	0.454225352	0.416918429	0.439516129	0.445057702	0.43001007
764	0.454820798	0.41813602	0.437970869	0.443941679	0.4312249
765	0.454637097	0.418932528	0.439859084	0.44640161	0.430513595
766	0.455734406	0.419062027	0.439759036	0.44595274	0.431441487
767	0.456237425	0.420151134	0.440925088	0.446509292	0.433232932
768	0.453266332	0.421026157	0.442598187	0.447011552	0.433668342
769	0.454043194	0.419306184	0.440201005	0.44752775	0.430513595
770	0.453950679	0.419939577	0.440703518	0.447236181	0.432880845
771	0.452991453	0.419014085	0.440865627	0.446177062	0.432459677
772	0.452536414	0.419989904	0.439919558	0.44640161	0.432173475
773	0.453125	0.419322205	0.440302267	0.445115811	0.432527694
774	0.453768844	0.41813602	0.440865627	0.447461036	0.431303473
775	0.453219316	0.416708606	0.440925088	0.445226131	0.431086519
776	0.452716298	0.420020121	0.442211055	0.444723618	0.432092555
777	0.454271357	0.415237134	0.441872169	0.446904882	0.432513798
778	0.454911839	0.417842742	0.44098443	0.443548387	0.432948267
779	0.450654582	0.418850806	0.44249121	0.443605237	0.43419062
780	0.451710262	0.419273461	0.440422323	0.44416499	0.435573522
781	0.452440866	0.418264379	0.442598187	0.444612286	0.434104628
782	0.452763819	0.416120907	0.440746344	0.444723618	0.43419062
783	0.452668681	0.415492958	0.438508065	0.444332494	0.432160804
784	0.454820798	0.416582915	0.440865627	0.443101712	0.432880845
785	0.456740443	0.417128463	0.441146881	0.443941679	0.4332999
786	0.455050505	0.417759839	0.439798489	0.443324937	0.433450527
787	0.456237425	0.416918429	0.440261044	0.442548921	0.434673367
788	0.456096337	0.418008048	0.439355813	0.442993471	0.431955645
789	0.457618567	0.416540595	0.440261044	0.443661972	0.43101712
790	0.458207452	0.415871421	0.441545409	0.442433384	0.431086519
791	0.458710977	0.416246216	0.443438914	0.441649899	0.431875314
792	0.458859162	0.41498994	0.439698492	0.43929471	0.432595573
793	0.456510809	0.417887822	0.439919558	0.44120603	0.433668342
794	0.456926952	0.417925478	0.438411262	0.440925088	0.432160804
795	0.458019105	0.415702063	0.439577039	0.441146881	0.433165829
796	0.456052235	0.417632242	0.441427853	0.438253012	0.432595573
797	0.456696878	0.416834677	0.441649899	0.440541897	0.431441487
798	0.45688351	0.416708606	0.43929471	0.441146881	0.434673367
799	0.458752515	0.419143577	0.439859084	0.437908497	0.432948267
800	0.455689829	0.41813602	0.438066465	0.438914027	0.43419062
801	0.456193353	0.418346774	0.438693467	0.437342728	0.434673367
802	0.45472837	0.416708606	0.44237544	0.440080564	0.434738956
803	0.456281407	0.417925478	0.440302267	0.43997991	0.432813286
804	0.454591322	0.417632242	0.44231738	0.438253012	0.433450527
805	0.456104945	0.417211877	0.44125063	0.43929471	0.432092555
806	0.453447408	0.417087968	0.441028226	0.440806045	0.432160804
807	0.450527373	0.418264379	0.442821159	0.440925088	0.433098592
808	0.45138539	0.415198792	0.441591138	0.440201005	0.431589537
809	0.451029633	0.41591138	0.440643863	0.438534872	0.434104628
810	0.452620968	0.415826613	0.440140845	0.440422323	0.431886983
811	0.451937594	0.416540595	0.439172135	0.439919558	0.433316558
812	0.451758794	0.41498994	0.437688442	0.44120603	0.432092555
813	0.451108871	0.416834677	0.436746988	0.439637827	0.433686334
814	0.452116935	0.41595154	0.436207766	0.44237544	0.43360161
815	0.452716298	0.417171717	0.435329643	0.44198895	0.435264484
816	0.452716298	0.415617128	0.434038268	0.440362355	0.431303473
817	0.452344932	0.413983903	0.435110664	0.438190955	0.431875314
818	0.451483157	0.413810484	0.434541793	0.438473129	0.430150754
819	0.45138539	0.415492958	0.434236948	0.439134809	0.433450527
820	0.448743719	0.41595154	0.433886375	0.438693467	0.433316558
821	0.44836272	0.413602015	0.434541793	0.439455096	0.432880845
822	0.449144008	0.414314516	0.43360161	0.439134809	0.434038268
823	0.447911424	0.414732593	0.434409687	0.440362355	0.434979839
824	0.448084677	0.415151515	0.432880845	0.439355813	0.434038268
825	0.449647533	0.416036309	0.433450527	0.43997991	0.434891905
826	0.446851385	0.414486922	0.431806744	0.438975389	0.435678392
827	0.446626385	0.417002012	0.432092555	0.437751004	0.434256927
828	0.446851385	0.416330645	0.432595573	0.440080564	0.435045317
829	0.450100806	0.417715148	0.434607646	0.438534872	0.434541793
830	0.451059536	0.416246216	0.432160804	0.441813602	0.433098592
831	0.448136959	0.415995976	0.431943747	0.44098443	0.434979839
832	0.44836272	0.41595154	0.432459677	0.441087613	0.434541793
833	0.446851385	0.414437153	0.430869784	0.442211055	0.432391524
834	0.44640161	0.415407855	0.431726908	0.441323972	0.433031219
835	0.445449975	0.416540595	0.431372549	0.438975389	0.431943747
836	0.443661972	0.414695521	0.430367019	0.43919598	0.431943747
837	0.446904882	0.416076845	0.429074447	0.436336185	0.432677761
838	0.444891797	0.417002012	0.430367019	0.439919558	0.429652042
839	0.445679636	0.417298938	0.431589537	0.440422323	0.432595573
840	0.444444444	0.413218971	0.429506546	0.439919558	0.431589537
841	0.445171026	0.414781297	0.429793659	0.440422323	0.432745592
842	0.445898339	0.414228052	0.429577465	0.442211055	0.432160804
843	0.444444444	0.413306452	0.429789368	0.441309824	0.432241814
844	0.444891797	0.41419225	0.429074447	0.442433384	0.431875314
845	0.443828715	0.41419225	0.43001007	0.44203629	0.431738035
846	0.443997991	0.415198792	0.428211587	0.440925088	0.431234257
847	0.44416499	0.417171717	0.429145729	0.440703518	0.431234257
848	0.444388525	0.415237134	0.430869784	0.442211055	0.432527694
849	0.445959596	0.417382516	0.43029693	0.439919558	0.432663317
850	0.443718593	0.414572864	0.431155779	0.442655936	0.430730479
851	0.443772063	0.415237134	0.431669188	0.442936149	0.433182047
852	0.441028226	0.41498994	0.428858723	0.442152918	0.43360161
853	0.442713568	0.414019163	0.426344897	0.44405419	0.431234257
854	0.441146881	0.414941949	0.430869784	0.444221106	0.434760705
855	0.44198895	0.413218971	0.428427926	0.443885254	0.431510286
856	0.439073515	0.414523449	0.427850656	0.443438914	0.433400605
857	0.442211055	0.413480885	0.426559356	0.44494721	0.4302267
858	0.443605237	0.411971831	0.429290388	0.443828715	0.431738035
859	0.444669025	0.412594458	0.427853193	0.444500251	0.433467742
860	0.443438914	0.413480885	0.426056338	0.446068548	0.432378079
861	0.443267776	0.413897281	0.427638191	0.446509292	0.43296371
862	0.443158954	0.415237134	0.425916625	0.448206165	0.4343231
863	0.441043653	0.414019163	0.425767489	0.44416499	0.433619384
864	0.441368898	0.413810484	0.427350427	0.448293173	0.432880845
865	0.442269076	0.412506304	0.42806841	0.446061214	0.436555891
866	0.440080564	0.411764706	0.427277302	0.446904882	0.432527694
867	0.44120603	0.413098237	0.424698795	0.448692153	0.432595573
868	0.441591138	0.413393756	0.424974824	0.445898339	0.436336185
869	0.44198895	0.412890232	0.425200803	0.442713568	0.434891905
870	0.441708543	0.41301059	0.424698795	0.444332999	0.435961828
871	0.443267776	0.413897281	0.42627076	0.443438914	0.434979839
872	0.44231738	0.412682436	0.424044266	0.443267776	0.435897436
873	0.440746344	0.414278532	0.425842132	0.441028226	0.435264484
874	0.442433384	0.41490433	0.425628141	0.442655936	0.434738956
875	0.44321608	0.412682436	0.426485398	0.441813602	0.433886375
876	0.442094663	0.413098237	0.42555332	0.443885254	0.432527694
877	0.44249121	0.41498994	0.427995972	0.441146881	0.433467742
878	0.444108761	0.416205335	0.427423405	0.440080564	0.432663317
879	0.444388525	0.415284062	0.428571429	0.443158954	0.432024169
880	0.444668008	0.415702063	0.428787116	0.44148669	0.43360161
881	0.443158954	0.416205335	0.429432446	0.440422323	0.434673367
882	0.441649899	0.415532022	0.42627076	0.441427853	0.431658291
883	0.442821159	0.413098237	0.429577465	0.43997991	0.431806744
884	0.44276349	0.416750757	0.427135678	0.440362355	0.432948267
885	0.441146881	0.414695521	0.429074447	0.438631791	0.433182047
886	0.444052419	0.414941949	0.427423405	0.440362355	0.433098592
887	0.441191318	0.413273002	0.427135678	0.438508065	0.433971774
888	0.442598187	0.413862381	0.427208835	0.441708543	0.433165829
889	0.441649899	0.414609572	0.426847662	0.43997991	0.4343231
890	0.440865627	0.413723512	0.424698795	0.441043653	0.433819829
891	0.441414141	0.413983903	0.424333836	0.440643863	0.434979839
892	0.440865627	0.413688978	0.427350427	0.440703518	0.435613682
893	0.440865627	0.412386707	0.42346425	0.441872169	0.434826371
894	0.441427853	0.411971831	0.427638191	0.442433384	0.430583501
895	0.4419778	0.412890232	0.426559356	0.439073515	0.433316558
896	0.441767068	0.413602015	0.426559356	0.44148669	0.429435484
897	0.441637191	0.413480885	0.425777332	0.441087613	0.429648241
898	0.440422323	0.41591138	0.425628141	0.440584089	0.428787116
899	0.439637827	0.41591138	0.424044266	0.440201005	0.429506546
900	0.442821159	0.41498994	0.42361809	0.438631791	0.429793659
901	0.440201005	0.416080402	0.424409844	0.439538384	0.427853193
902	0.43834927	0.415027736	0.425050302	0.439355813	0.428787116
903	0.437342728	0.416205335	0.424257675	0.437468609	0.428427926
904	0.43997991	0.415198792	0.423192771	0.440140845	0.42720403
905	0.438790932	0.41511335	0.423018677	0.43834927	0.427565392
906	0.439134809	0.41490433	0.41876892	0.435897436	0.428284855
907	0.439477649	0.414400806	0.421026157	0.437688442	0.427423405
908	0.438852542	0.416246216	0.423251132	0.437908497	0.428499496
909	0.437845999	0.414070352	0.42503786	0.43929471	0.427346115
910	0.438852542	0.414278532	0.424698795	0.439134809	0.426492725
911	0.438729198	0.413185707	0.425050302	0.44004014	0.42720403
912	0.437845999	0.413480885	0.425478348	0.43997991	0.427853193
913	0.438066465	0.412977867	0.425767489	0.439637827	0.426418885
914	0.438004032	0.414695521	0.427707809	0.440541897	0.425990968
915	0.439798489	0.414105793	0.42806841	0.441043653	0.424698795
916	0.438224912	0.412770236	0.428427926	0.442211055	0.425907258
917	0.439577039	0.413810484	0.427780574	0.440524194	0.426633166
918	0.437845999	0.414070352	0.426706827	0.440643863	0.427062374
919	0.436683417	0.412977867	0.430080483	0.442713568	0.426841574
920	0.435678392	0.412386707	0.429003021	0.440140845	0.428571429
921	0.436052367	0.411883182	0.426559356	0.43997991	0.429648241
922	0.432813286	0.411557789	0.425125628	0.440524194	0.429577465
923	0.43438914	0.413983903	0.425628141	0.438631791	0.427707809
924	0.436336185	0.41490433	0.425327952	0.44098443	0.429219144
925	0.435548842	0.417842742	0.424471299	0.440865627	0.426780341
926	0.434104628	0.417632242	0.425702811	0.440140845	0.427710843
927	0.43627204	0.414818548	0.426847662	0.44321608	0.426847662
928	0.434455048	0.415322581	0.426130653	0.440362355	0.425842132
929	0.434979839	0.413480885	0.427707809	0.441930618	0.426344897
930	0.434541793	0.415492958	0.42806841	0.441368898	0.428211587
931	0.435110664	0.414141414	0.425916625	0.441872169	0.424044266
932	0.433400605	0.41490433	0.428140704	0.440080564	0.426418885
933	0.434038268	0.41490433	0.424196787	0.440763052	0.42806841
934	0.433886375	0.413688978	0.425767489	0.440362355	0.427923387
935	0.432880845	0.41490433	0.426485398	0.441591138	0.427062374
936	0.43296371	0.412209889	0.426774031	0.43834927	0.425981873
937	0.434694907	0.41419225	0.428643469	0.439676931	0.429147756
938	0.434826371	0.415407855	0.427638191	0.441872169	0.429216867
939	0.43101712	0.414486922	0.428499496	0.442105263	0.43001007
940	0.433098592	0.415786828	0.42806841	0.438190955	0.426774031
941	0.433316558	0.416205335	0.426700252	0.440302267	0.427492447
942	0.43338361	0.415407855	0.428140704	0.43997991	0.426774031
943	0.433753149	0.416289593	0.426485398	0.442047165	0.426847662
944	0.433165829	0.416792358	0.426130653	0.442878712	0.426344897
945	0.43029693	0.417887822	0.428427419	0.44416499	0.428427419
946	0.430730479	0.417715148	0.428787116	0.444500251	0.42806841
947	0.43101712	0.416414904	0.428427926	0.444668008	0.428787116
948	0.431875314	0.414732593	0.426485398	0.443548387	0.425842132
949	0.431303473	0.415995976	0.426056338	0.44249121	0.426559356
950	0.430653266	0.415198792	0.424836601	0.444277108	0.426485398
951	0.430869784	0.415826613	0.425832492	0.445226131	0.426559356
952	0.433098592	0.415826613	0.425842132	0.443661972	0.427423405
953	0.432310015	0.417044881	0.423831071	0.444612286	0.427780574
954	0.431520645	0.414855988	0.424333836	0.443718593	0.427995972
955	0.431875314	0.415492958	0.424044266	0.444668008	0.428211587
956	0.431955645	0.414278532	0.42418136	0.443941679	0.427492447
957	0.432663317	0.412474849	0.422903064	0.444723618	0.426196474
958	0.432527694	0.412506304	0.422535211	0.445226131	0.426988922
959	0.434628975	0.413393756	0.425403226	0.446572581	0.427062374
960	0.432663317	0.411557789	0.424547284	0.445728643	0.427492447
961	0.432024169	0.413775767	0.424974824	0.449421238	0.427419355
962	0.43101712	0.412474849	0.424333836	0.445395068	0.428139183
963	0.431372549	0.410876133	0.42282554	0.44494721	0.428427419
964	0.430583501	0.411764706	0.421953676	0.44416499	0.428212851
965	0.429435484	0.410372608	0.423115578	0.447183099	0.425702811