0	0.046252532	0.055086178	0.053523035	0.051455653	0.047441545
1	0.046086073	0.055291723	0.053916582	0.052309783	0.046566961
2	0.047748053	0.057607591	0.052062204	0.052685248	0.049302958
3	0.045685279	0.056949153	0.054539295	0.053861789	0.050611413
4	0.047926581	0.057249322	0.053898305	0.054933876	0.050813008
5	0.049102608	0.05880365	0.05431093	0.05495251	0.052720514
6	0.046795524	0.058544839	0.051811717	0.054803789	0.055668703
7	0.049457995	0.056590986	0.050186504	0.053704963	0.056084296
8	0.051099831	0.057907213	0.048846676	0.055235513	0.05591325
9	0.050405954	0.059382423	0.051403449	0.053814714	0.05634759
10	0.050067659	0.061086736	0.052093973	0.051169095	0.058863559
11	0.051048005	0.06175772	0.052168022	0.052863436	0.05634759
12	0.054145516	0.062330623	0.052756172	0.055404487	0.059261768
13	0.055160745	0.062901589	0.053166272	0.055179418	0.057985758
14	0.057307562	0.062563409	0.05450237	0.055045872	0.060913706
15	0.058324856	0.062584574	0.053989813	0.053989813	0.059519784
16	0.061335141	0.062309516	0.05256019	0.056590986	0.058843422
17	0.060872506	0.062584574	0.054292501	0.057327001	0.058068872
18	0.061548867	0.061528059	0.054822335	0.059301932	0.058485463
19	0.061460102	0.059878214	0.05632847	0.059281843	0.060359444
20	0.061674009	0.063432836	0.058644068	0.061883713	0.06245757
21	0.062075984	0.062775704	0.060523631	0.062986793	0.061314363
22	0.060657404	0.065202703	0.062669377	0.067141404	0.062309516
23	0.062711864	0.067164179	0.063093623	0.069199457	0.062839674
24	0.067480502	0.070898042	0.063916131	0.070584262	0.062989445
25	0.067141404	0.07145276	0.065490329	0.073294876	0.062965471
26	0.06591913	0.072517791	0.068720379	0.071937564	0.064002709
27	0.067521945	0.073534395	0.068027211	0.072154472	0.067704807
28	0.066283395	0.073998642	0.073270014	0.073444407	0.066847642
29	0.065829657	0.070751523	0.072395129	0.074399729	0.066463208
30	0.065785012	0.070027064	0.070288625	0.07379824	0.067750678
31	0.066959757	0.073986486	0.07082345	0.075670173	0.070724243
32	0.070676181	0.076611542	0.075305292	0.078331638	0.070898042
33	0.070847458	0.07775524	0.074237288	0.080405405	0.071864407
34	0.072032465	0.080869861	0.074124447	0.079036635	0.072838666
35	0.073609227	0.081867388	0.073698445	0.076923077	0.074966079
36	0.073773266	0.082568807	0.075177785	0.077027027	0.075312394
37	0.074551	0.085106383	0.07549086	0.077913279	0.074788494
38	0.077445652	0.086148649	0.078146143	0.079348932	0.075261559
39	0.076766304	0.089031821	0.07827855	0.080596004	0.075
40	0.075721562	0.08698584	0.081729146	0.083558863	0.074915254
41	0.078697422	0.085879158	0.081922817	0.082739912	0.076663289
42	0.080338983	0.090291921	0.083022704	0.08573365	0.078831125
43	0.082344968	0.091860858	0.085704607	0.089237057	0.07804547
44	0.082627836	0.094077834	0.087381916	0.088835943	0.081071913
45	0.081494058	0.097255168	0.086119554	0.089895235	0.08
46	0.080366226	0.099391481	0.089182774	0.092047377	0.081273281
47	0.082627836	0.10064385	0.090385917	0.09263658	0.081812035
48	0.083361572	0.102564103	0.089582626	0.092198582	0.083757206
49	0.084797297	0.102841678	0.090353261	0.094640434	0.08401084
50	0.085200272	0.10440678	0.092630156	0.096369189	0.085250338
51	0.086838535	0.103821441	0.092724196	0.097726502	0.087695445
52	0.089309878	0.102033898	0.093950659	0.103553299	0.089739248
53	0.089956037	0.103075363	0.092818428	0.10469436	0.090693739
54	0.092692828	0.102642276	0.094544222	0.103799186	0.089557283
55	0.096556381	0.100473613	0.092114208	0.107118644	0.090909091
56	0.094461434	0.102123357	0.09559322	0.107239513	0.092297251
57	0.095463778	0.102642276	0.094512195	0.108703014	0.094141551
58	0.096577431	0.100033795	0.096348884	0.109041653	0.09647935
59	0.098039216	0.098949509	0.097486413	0.113252197	0.09817197
60	0.098782138	0.098919649	0.100271924	0.112914131	0.098105548
61	0.099120433	0.098138748	0.100911239	0.114498645	0.101798439
62	0.101626016	0.099662162	0.102598718	0.115828804	0.101218687
63	0.103075363	0.1	0.104800541	0.117147708	0.100135318
64	0.10321489	0.102303523	0.106173677	0.116050221	0.101081812
65	0.104855024	0.104321404	0.106296547	0.11431479	0.104603927
66	0.105548038	0.103716216	0.107760081	0.117168981	0.102946156
67	0.106490872	0.108291032	0.110023625	0.117308993	0.105459478
68	0.110169492	0.109867752	0.111563242	0.119347161	0.106188705
69	0.111824324	0.111412123	0.112837838	0.120081411	0.104710268
70	0.113443955	0.113061087	0.115098172	0.118959108	0.105782313
71	0.112837838	0.115462525	0.117985125	0.118621156	0.104871448
72	0.113335596	0.114969656	0.119079838	0.123259762	0.109760216
73	0.115657761	0.116593444	0.12073047	0.122889939	0.11062097
74	0.118983051	0.118878757	0.121479471	0.125	0.110284168
75	0.119959336	0.122091062	0.122248561	0.128257191	0.110246872
76	0.118283204	0.124028388	0.12255233	0.126736699	0.108703014
77	0.121027721	0.125296309	0.123431672	0.126817721	0.110922082
78	0.120461486	0.12630868	0.126230064	0.12630868	0.110244233
79	0.121959459	0.127118644	0.129184985	0.125845737	0.111937775
80	0.125126818	0.12804878	0.130023641	0.129032258	0.1149814
81	0.124620061	0.130758808	0.12804878	0.130302002	0.115032236
82	0.124788637	0.130199527	0.130420054	0.131507776	0.116271186
83	0.124322493	0.131748727	0.132611637	0.13337847	0.116010855
84	0.124364622	0.133423637	0.135254237	0.135794108	0.117945252
85	0.127291242	0.134732566	0.137521222	0.136578769	0.119458545
86	0.126315789	0.137860781	0.140398245	0.14009498	0.121489002
87	0.128595601	0.138164578	0.139274822	0.143050847	0.122207177
88	0.128135593	0.140778342	0.139189189	0.145621181	0.12330163
89	0.130920162	0.140677966	0.140297498	0.14498645	0.125933469
90	0.133581332	0.142180095	0.140398245	0.147435897	0.129654705
91	0.132337971	0.141939845	0.141841571	0.147418478	0.131330182
92	0.132680621	0.140344944	0.144598713	0.150490362	0.13344652
93	0.132994924	0.140825999	0.146399457	0.152857626	0.135547272
94	0.133985825	0.140825999	0.14661274	0.153924222	0.1356392
95	0.132725431	0.139330402	0.149405772	0.153689912	0.137301319
96	0.133016627	0.138409475	0.149659864	0.155149051	0.138492872
97	0.133039946	0.139581929	0.150457472	0.154002714	0.138654041
98	0.135840108	0.14040404	0.153430213	0.154419235	0.141016949
99	0.138804458	0.141841571	0.154600812	0.155230978	0.140683125
100	0.141646899	0.141601893	0.156430268	0.155405405	0.14334124
101	0.142518619	0.143680108	0.154314721	0.152801358	0.141550965
102	0.144598713	0.144305509	0.155412284	0.153768165	0.144696713
103	0.145319365	0.145123186	0.156756757	0.155668359	0.147557666
104	0.149137639	0.145945946	0.157573704	0.15625	0.147685029
105	0.149309066	0.148498144	0.158644068	0.156207827	0.148273527
106	0.147734956	0.15037087	0.160702228	0.157983762	0.147148161
107	0.149763354	0.155359566	0.159336942	0.159823549	0.145466847
108	0.15037087	0.155690645	0.160418777	0.163562479	0.147307823
109	0.151474077	0.158569501	0.157307172	0.164411367	0.148864022
110	0.153092261	0.15879973	0.15959253	0.16672303	0.150610583
111	0.155201627	0.159919028	0.161355932	0.16751269	0.151217862
112	0.158322057	0.162271805	0.159444821	0.170162382	0.153482082
113	0.158944877	0.162955466	0.160393354	0.170003393	0.154939107
114	0.162618084	0.162216965	0.162892869	0.172192152	0.157307172
115	0.165372933	0.163691479	0.161496966	0.174898512	0.160744501
116	0.166159052	0.164527027	0.163003044	0.177604871	0.161290323
117	0.166892349	0.164976335	0.162711864	0.176949153	0.165202703
118	0.169480081	0.166327913	0.165143824	0.179347826	0.166215301
119	0.171948753	0.169600542	0.167287504	0.177086854	0.167457627
120	0.17209776	0.172705723	0.167117727	0.177522781	0.167399391
121	0.173207037	0.173604061	0.168075752	0.174104124	0.168135593
122	0.176470588	0.174442191	0.168686869	0.175652764	0.171283784
123	0.177424806	0.172856178	0.17116813	0.177006069	0.171418873
124	0.177762758	0.175616346	0.174898512	0.179357022	0.171515562
125	0.179270763	0.175118323	0.177522781	0.179391892	0.173337856
126	0.179626486	0.175675676	0.178426052	0.181910569	0.175033921
127	0.178776614	0.177108026	0.177506775	0.184183846	0.175397094
128	0.179912073	0.176967241	0.179573892	0.185999324	0.174780257
129	0.182802979	0.178450034	0.181355932	0.184255175	0.179270763
130	0.185160202	0.179912073	0.183417936	0.188366588	0.179018613
131	0.189106901	0.179487179	0.184709066	0.189684425	0.181049069
132	0.190138467	0.180433311	0.185598377	0.190767142	0.182620502
133	0.190927556	0.183756345	0.188832487	0.192620176	0.184646601
134	0.192917369	0.185951815	0.190992211	0.191994573	0.184683158
135	0.193853428	0.18654951	0.191604604	0.19499831	0.185573993
136	0.19357022	0.189655172	0.190443917	0.196416498	0.186234818
137	0.192738378	0.190395671	0.194115658	0.19925449	0.185675492
138	0.194576271	0.191669489	0.196949153	0.20087927	0.185748058
139	0.194472531	0.19197031	0.199388587	0.2	0.186377499
140	0.193974272	0.191489362	0.19668807	0.203119702	0.188028407
141	0.195872801	0.195402299	0.198310811	0.205336035	0.189527027
142	0.195945946	0.194528875	0.199457259	0.207106599	0.190057491
143	0.198106829	0.195608108	0.199932341	0.209333784	0.191424713
144	0.2	0.197501688	0.203791469	0.210490694	0.194050034
145	0.20080999	0.194735066	0.204391892	0.21102791	0.195402299
146	0.203109158	0.196959459	0.207489879	0.210312076	0.195212407
147	0.204745763	0.200676819	0.208108108	0.210544103	0.197772528
148	0.203971727	0.204047218	0.211343687	0.213003725	0.198043185
149	0.208121827	0.204123015	0.213391951	0.215155616	0.199932341
150	0.211557959	0.204876397	0.213585671	0.214503558	0.200948831
151	0.212131481	0.206838186	0.213536379	0.216051473	0.203584714
152	0.215467747	0.209655638	0.218009479	0.216802168	0.204815192
153	0.218623482	0.209475465	0.217185386	0.216070223	0.207445008
154	0.219810041	0.210668467	0.217083052	0.217758271	0.210829103
155	0.21989882	0.211343687	0.217801753	0.221846466	0.213730132
156	0.220568336	0.210544103	0.221170105	0.220115137	0.21271559
157	0.221546775	0.212110961	0.222034471	0.221883469	0.217744666
158	0.223501524	0.213683856	0.222372423	0.22421373	0.215659804
159	0.223009447	0.212213225	0.221433401	0.225925926	0.218983051
160	0.22387555	0.216463415	0.222034471	0.229385816	0.221808331
161	0.224510466	0.217918491	0.224207687	0.230483271	0.222259811
162	0.224848076	0.21722973	0.226828446	0.235094851	0.224662162
163	0.228590695	0.219702099	0.227165487	0.237225042	0.225237449
164	0.229679595	0.21826205	0.230145319	0.235810811	0.224441435
165	0.231340763	0.218960864	0.229989868	0.236209814	0.226752022
166	0.236984449	0.222484808	0.229602158	0.238821138	0.224254743
167	0.238529015	0.224021592	0.230249831	0.239527027	0.225828262
168	0.23859412	0.226580994	0.23277027	0.242372881	0.225904633
169	0.239431857	0.229286439	0.232793522	0.244759973	0.227364865
170	0.239770037	0.230405405	0.23597025	0.24391069	0.227809652
171	0.241402562	0.230847114	0.237710438	0.244059742	0.228378378
172	0.24146094	0.233401084	0.238887004	0.244001352	0.229497131
173	0.244331641	0.233985165	0.240040513	0.243745774	0.23118461
174	0.244842746	0.235393448	0.243161094	0.24594046	0.23324306
175	0.246533649	0.234956051	0.24391069	0.248480756	0.232691658
176	0.247709535	0.238159675	0.243389831	0.251861882	0.232173031
177	0.248987854	0.238352465	0.245098039	0.252453469	0.2346766
178	0.250845166	0.241554054	0.2436634	0.25559322	0.234718001
179	0.250675676	0.243902439	0.246876055	0.255672198	0.238529015
180	0.255060729	0.243836542	0.249577845	0.256505576	0.239365294
181	0.258958756	0.247134187	0.249324324	0.256747638	0.241495453
182	0.260135135	0.248140636	0.249746878	0.257933828	0.243507589
183	0.262411348	0.248145651	0.252613828	0.260487145	0.246288799
184	0.263780859	0.251861882	0.253549696	0.25889529	0.249239094
185	0.264259197	0.252364865	0.258097166	0.257355428	0.250168805
186	0.267250084	0.251939292	0.259359191	0.256601219	0.250337838
187	0.270819228	0.252361673	0.25836997	0.259459459	0.250338295
188	0.270178994	0.252788104	0.25708502	0.260311021	0.250675676
189	0.266959163	0.251515152	0.25724882	0.262766317	0.250927487
190	0.264954376	0.252191504	0.258807588	0.261548913	0.251856853
191	0.267615176	0.251944538	0.260047281	0.264048747	0.256505576
192	0.268984138	0.256911666	0.259784076	0.263371699	0.25836997
193	0.272113437	0.258970887	0.260561	0.262195122	0.261751775
194	0.273986486	0.259184361	0.259209192	0.267500845	0.263691684
195	0.274635963	0.261792453	0.262017603	0.270917679	0.26691475
196	0.277571669	0.262554769	0.26394052	0.272113437	0.266194332
197	0.276524082	0.266959163	0.26560918	0.2718348	0.26839973
198	0.278998985	0.268596432	0.267839026	0.271867612	0.270755676
199	0.280944351	0.273709079	0.268581081	0.271283784	0.26797165
200	0.278660805	0.273893955	0.268777366	0.274754985	0.270334121
201	0.280203046	0.273986486	0.271220832	0.280067568	0.26962111
202	0.280500169	0.276761518	0.272788656	0.281081081	0.269100744
203	0.28017532	0.27595536	0.272757923	0.283687943	0.268828099
204	0.281323877	0.276876268	0.274662162	0.283158961	0.268540467
205	0.283445946	0.279352227	0.27569936	0.285230352	0.272053872
206	0.285762483	0.279486313	0.278510998	0.285135135	0.275118004
207	0.289242219	0.282293423	0.27605918	0.287694388	0.275033829
208	0.292062415	0.284508944	0.28013468	0.290060852	0.273095078
209	0.293939394	0.283783784	0.281439139	0.287935113	0.277084036
210	0.293283834	0.284651792	0.287162162	0.291271989	0.277589709
211	0.296558704	0.285666105	0.287781892	0.290540541	0.280417931
212	0.295286195	0.284991568	0.288604181	0.291849848	0.281228899
213	0.297333783	0.286968265	0.287689713	0.291849848	0.284602369
214	0.29925776	0.283983849	0.290681972	0.29320257	0.285956007
215	0.303511141	0.284506089	0.290474588	0.293720459	0.286533918
216	0.300371245	0.286971235	0.290670259	0.293062606	0.288708587
217	0.301995265	0.292074199	0.291245791	0.292551399	0.290921363
218	0.302262749	0.29362133	0.296358732	0.293720459	0.291891892
219	0.305358948	0.295186806	0.294772344	0.292089249	0.293004393
220	0.304083699	0.298578199	0.29544688	0.293144208	0.294772344
221	0.303716216	0.297807757	0.298281092	0.295010115	0.295423957
222	0.301383733	0.299326599	0.300977418	0.298346271	0.294217112
223	0.302192243	0.301082544	0.303848751	0.299119241	0.294435076
224	0.302231237	0.302640487	0.305743243	0.302999663	0.295209177
225	0.303408707	0.303101821	0.306913997	0.306680162	0.29787234
226	0.303878583	0.301078894	0.304935767	0.310577898	0.299494098
227	0.304347826	0.302121927	0.306576728	0.310519218	0.301351351
228	0.303173531	0.303673745	0.30595759	0.311066127	0.301721228
229	0.30515325	0.308080808	0.309507755	0.311784512	0.3020518
230	0.302774019	0.308937605	0.309354948	0.316627159	0.303921569
231	0.309017224	0.305854643	0.309588116	0.320243737	0.305536799
232	0.309868643	0.305227656	0.310158623	0.320378506	0.306756757
233	0.3091706	0.30820996	0.311762723	0.322308471	0.305771178
234	0.308962264	0.311359026	0.313005391	0.320538721	0.305433682
235	0.310856372	0.310182063	0.312899966	0.320945946	0.307484828
236	0.313447927	0.311043566	0.314141414	0.320094244	0.305564924
237	0.313407633	0.310983827	0.315026954	0.321440592	0.306081081
238	0.313553608	0.309868643	0.315665091	0.323986486	0.307848444
239	0.317551573	0.312605042	0.313659359	0.321392362	0.308888138
240	0.315771699	0.313342318	0.31523938	0.324224022	0.309788093
241	0.315807213	0.314180108	0.315789474	0.32489024	0.312056738
242	0.316250843	0.317508418	0.315202703	0.320162107	0.31117111
243	0.319242475	0.318381113	0.316323082	0.319946001	0.310053981
244	0.320296696	0.325016858	0.319824384	0.320378506	0.311929706
245	0.321597833	0.324991545	0.322417286	0.322765599	0.31260561
246	0.322558923	0.326351351	0.322005384	0.326130993	0.313533581
247	0.326578858	0.325313453	0.32388664	0.328267477	0.312521093
248	0.324915825	0.325683429	0.323977004	0.328151403	0.316109422
249	0.324907314	0.3243607	0.325910931	0.330519919	0.320729237
250	0.326923077	0.323896191	0.327266599	0.329618372	0.320995962
251	0.328716216	0.324233232	0.328393398	0.332771409	0.321657124
252	0.32973702	0.327714093	0.327505044	0.335924299	0.325370121
253	0.330637007	0.329173693	0.331761536	0.335246455	0.326578858
254	0.332883642	0.330745866	0.331085637	0.337491571	0.330179115
255	0.334121622	0.330855019	0.328629032	0.337719298	0.331532748
256	0.330299966	0.332548756	0.330745866	0.336831415	0.331538203
257	0.334344456	0.334454913	0.333784241	0.334795815	0.331983806
258	0.336037863	0.336707152	0.332660612	0.334345479	0.332435163
259	0.339406208	0.339858252	0.332995951	0.3375	0.334458319
260	0.339966273	0.338487395	0.334343434	0.338840189	0.336827866
261	0.340518693	0.337609723	0.335020243	0.339074637	0.335813324
262	0.340060545	0.337377823	0.335690236	0.339393939	0.340978078
263	0.341520861	0.339285714	0.335574983	0.340244731	0.342664418
264	0.340978078	0.340181879	0.340074149	0.33974359	0.341307278
265	0.343655335	0.341529134	0.34097035	0.342238755	0.343338954
266	0.346166836	0.344549125	0.339952878	0.34040404	0.343951203
267	0.348045822	0.34467655	0.342415069	0.341299226	0.346244527
268	0.347577389	0.345350404	0.34232715	0.342211733	0.346608167
269	0.34858681	0.347679892	0.344317418	0.340893703	0.346567968
270	0.347269049	0.349088454	0.344769593	0.340855507	0.343213203
271	0.348484848	0.35197036	0.345816464	0.343465046	0.343097643
272	0.349409781	0.354404842	0.345791246	0.344140493	0.344107744
273	0.350623105	0.356756757	0.346581341	0.344804318	0.342193809
274	0.348030966	0.357022567	0.347165992	0.349763673	0.344223644
275	0.350185372	0.358057991	0.347606204	0.353259034	0.344537815
276	0.349142281	0.358319328	0.351789332	0.353674983	0.345750085
277	0.351515152	0.360633637	0.349949478	0.355067568	0.348030966
278	0.351833165	0.359770503	0.349881797	0.35610416	0.347620655
279	0.354588394	0.361616162	0.351451722	0.356997972	0.346504559
280	0.355480607	0.35959596	0.35266352	0.357046527	0.347972973
281	0.357720836	0.359743763	0.352624495	0.357263229	0.348090571
282	0.359000338	0.358879136	0.354849611	0.360876897	0.349243697
283	0.360202361	0.359380263	0.357118815	0.360351233	0.351652057
284	0.364004044	0.359474924	0.359959555	0.360175202	0.350658117
285	0.363851351	0.361223118	0.361372813	0.360107999	0.354588394
286	0.363268062	0.362440998	0.3627484	0.360107999	0.354054054
287	0.364892183	0.366879838	0.363207547	0.361457982	0.355772467
288	0.363636364	0.367319379	0.364892183	0.365573216	0.357816712
289	0.365079365	0.367656989	0.36437247	0.365762712	0.358128576
290	0.367058824	0.370544721	0.363636364	0.364618501	0.361401145
291	0.36596894	0.37235116	0.366824005	0.363115307	0.360970677
292	0.365164761	0.369484675	0.368811047	0.36465022	0.361494446
293	0.36629667	0.371092437	0.366857914	0.366824005	0.364495444
294	0.367978473	0.373023882	0.36969697	0.36633998	0.365352208
295	0.369199731	0.373360242	0.370869858	0.366756393	0.366824005
296	0.369747899	0.375714766	0.370608108	0.367284992	0.36719541
297	0.370771313	0.378287256	0.370121131	0.367443431	0.369023569
298	0.372390572	0.376850606	0.372132254	0.367656989	0.37019555
299	0.375759622	0.377815126	0.373234701	0.367924528	0.370707071
300	0.376645292	0.377612947	0.375504711	0.369881557	0.37235116
301	0.37798721	0.378196501	0.376224249	0.372469636	0.372390572
302	0.382154882	0.380215343	0.377187079	0.373904248	0.370495116
303	0.380566802	0.380760175	0.38010118	0.376816492	0.370794078
304	0.379635873	0.380840336	0.381995954	0.376684636	0.372053872
305	0.383114699	0.381977135	0.38092039	0.377950101	0.372509287
306	0.38430448	0.380324544	0.383158607	0.376094276	0.372978437
307	0.383294038	0.382412399	0.386554622	0.379263762	0.372304582
308	0.385107817	0.382620411	0.386738472	0.378696237	0.370420168
309	0.388702085	0.385210084	0.38607167	0.380390836	0.372423116
310	0.39023569	0.384667342	0.390540541	0.380405405	0.370357866
311	0.392255892	0.385185185	0.391084093	0.381290105	0.372807018
312	0.391641389	0.385210084	0.389636608	0.38010118	0.374367622
313	0.393481183	0.384925976	0.391436278	0.379461279	0.37037037
314	0.393254637	0.38795424	0.39231547	0.382670263	0.371342079
315	0.392592593	0.389150943	0.391392065	0.382670263	0.372430064
316	0.39280914	0.391582492	0.392051196	0.383732703	0.372641509
317	0.393663633	0.392797038	0.392677192	0.383057712	0.376307796
318	0.394878706	0.393326593	0.392242833	0.383913484	0.376137513
319	0.392724823	0.395685878	0.394052045	0.381241565	0.378833839
320	0.394745706	0.396841398	0.396423752	0.382720216	0.381193124
321	0.391187353	0.397444519	0.398648649	0.382699428	0.380376344
322	0.392929293	0.397301855	0.397509256	0.384485666	0.382124789
323	0.395136778	0.396429774	0.398113843	0.382174207	0.384719405
324	0.393878237	0.395959596	0.401884887	0.384148398	0.383057712
325	0.397366644	0.395819285	0.403307459	0.383732703	0.386118598
326	0.394000674	0.395082519	0.404713805	0.385185185	0.385598923
327	0.39556004	0.395028552	0.404169469	0.384952767	0.384226491
328	0.395419333	0.395678596	0.403709949	0.388401888	0.38712938
329	0.394347241	0.396777442	0.404922454	0.389470132	0.389338731
330	0.396099529	0.399798252	0.404785979	0.390202703	0.39092437
331	0.396905483	0.403768506	0.406123822	0.392170098	0.394247039
332	0.398988196	0.405314497	0.40777027	0.391348429	0.392242833
333	0.400538539	0.405523745	0.404513304	0.392447741	0.394683715
334	0.401344538	0.40491417	0.407806191	0.391231029	0.39690027
335	0.403236682	0.404922454	0.408768971	0.389225589	0.398648649
336	0.401211713	0.404713805	0.408953214	0.391686381	0.397509256
337	0.401211713	0.407943453	0.412677006	0.393254637	0.397574124
338	0.404456448	0.408569501	0.410299562	0.392989552	0.401149037
339	0.403432032	0.408983452	0.41194332	0.394807822	0.400538539
340	0.405860559	0.409152086	0.412874958	0.393398451	0.40243079
341	0.406859449	0.40779308	0.411665543	0.392857143	0.403437816
342	0.408906883	0.408616627	0.413109244	0.395348837	0.403100775
343	0.409747899	0.408876933	0.415798319	0.396092961	0.405450875
344	0.410636149	0.40828004	0.415851602	0.396959459	0.407219973
345	0.412955466	0.408891883	0.41773002	0.397643098	0.407070707
346	0.411309323	0.407332661	0.418722541	0.39688979	0.405131668
347	0.411863836	0.408906883	0.421141506	0.396290051	0.406334232
348	0.413630229	0.408170155	0.422468887	0.396022919	0.407819346
349	0.412200876	0.409825034	0.424048501	0.397907526	0.40679677
350	0.412102772	0.409808532	0.423076923	0.399394347	0.407270279
351	0.411586393	0.408968307	0.424293405	0.401011804	0.407991941
352	0.410834455	0.408204438	0.422274563	0.402360877	0.408493428
353	0.413072776	0.407894737	0.422843666	0.403236682	0.408464898
354	0.416778976	0.408876933	0.424579125	0.403703704	0.411051213
355	0.418322668	0.408067227	0.423711687	0.404794058	0.412339852
356	0.418401612	0.410239138	0.424528302	0.404649596	0.411230666
357	0.419246299	0.41271443	0.42529511	0.403307459	0.413665433
358	0.419757249	0.416301785	0.426351351	0.40512302	0.416919447
359	0.420626896	0.416778976	0.429437521	0.408616627	0.416638599
360	0.421938089	0.416918429	0.42962963	0.408937035	0.416105121
361	0.423671822	0.419561551	0.429051782	0.408479139	0.418909825
362	0.423271501	0.421300977	0.431749242	0.408798646	0.420060586
363	0.42303806	0.423387097	0.432896065	0.410852713	0.419420094
364	0.423660263	0.427944651	0.431359354	0.412301453	0.419159664
365	0.426075269	0.427125506	0.432659933	0.413175676	0.420538721
366	0.426019548	0.427177935	0.432705249	0.413630229	0.418353576
367	0.42741391	0.428427419	0.43328841	0.414527027	0.41877744
368	0.424191375	0.426886792	0.437415882	0.414560162	0.425093
369	0.423608769	0.42722372	0.439368492	0.414979757	0.424048501
370	0.423803102	0.427897574	0.440524194	0.417960837	0.426025555
371	0.421300977	0.427947598	0.439032583	0.420060586	0.425826028
372	0.422297297	0.428138674	0.438720539	0.421283784	0.42558218
373	0.422349764	0.429292929	0.438802959	0.418470907	0.426648721
374	0.42351752	0.429871881	0.437899697	0.421194735	0.425159771
375	0.422364432	0.426939872	0.438614194	0.421601615	0.428619642
376	0.422454484	0.428571429	0.441680672	0.42211733	0.430209036
377	0.425202156	0.429099462	0.440580689	0.422454484	0.431986532
378	0.423477968	0.429726997	0.439271255	0.424140256	0.432032301
379	0.425632378	0.428955324	0.441087613	0.422454484	0.433490885
380	0.42669363	0.42669363	0.441829186	0.422012154	0.433625337
381	0.428667791	0.42698145	0.443212366	0.422027619	0.435016835
382	0.427852349	0.427275781	0.445304611	0.421975059	0.434299191
383	0.431749242	0.428763441	0.445341406	0.424907189	0.436952124
384	0.43092437	0.428859738	0.443659603	0.424722129	0.437921727
385	0.43328841	0.428379738	0.444631437	0.426306914	0.437037037
386	0.433086752	0.430396772	0.445078939	0.424620573	0.438047138
387	0.432705249	0.433344583	0.444369748	0.426069384	0.440107672
388	0.431465226	0.430201342	0.446278208	0.42741391	0.438933873
389	0.431749242	0.432024169	0.445827725	0.429246876	0.441750842
390	0.431069267	0.435750422	0.448752529	0.429679595	0.439623276
391	0.430597771	0.435543588	0.447892074	0.430405405	0.441523424
392	0.428475261	0.436449227	0.445718139	0.432040472	0.440580689
393	0.430883345	0.436742934	0.445827725	0.431504544	0.44040404
394	0.433535762	0.438024857	0.446722689	0.433637285	0.439246045
395	0.433142472	0.439393939	0.447821682	0.430836707	0.439608637
396	0.434724092	0.440939597	0.450134771	0.432514305	0.439649359
397	0.437752355	0.441672286	0.44996642	0.432332096	0.441453567
398	0.440026954	0.442048518	0.450235373	0.432468845	0.440592393
399	0.443020904	0.440700809	0.449949444	0.433299561	0.445006748
400	0.442871587	0.442501681	0.450523472	0.433682079	0.444219751
401	0.441335131	0.445454545	0.450723175	0.4338161	0.443469457
402	0.443733154	0.444107744	0.452709525	0.434415145	0.445604581
403	0.443212366	0.44504383	0.453230148	0.435750422	0.444856661
404	0.445156936	0.445228495	0.453934095	0.435707054	0.446686848
405	0.445494431	0.445267767	0.450789385	0.437542201	0.449089683
406	0.445454545	0.449192463	0.450808625	0.44040404	0.448554136
407	0.445791246	0.44858871	0.453167116	0.440054036	0.450016829
408	0.446944258	0.45102659	0.453014483	0.441106986	0.450016829
409	0.447138047	0.450134771	0.453535354	0.442833052	0.452766532
410	0.450960566	0.448882871	0.454453782	0.444068942	0.454974705
411	0.448670481	0.448938322	0.454882155	0.444481944	0.454148472
412	0.448601281	0.446543002	0.458277254	0.446278208	0.454024924
413	0.451178451	0.446241995	0.457181389	0.450201884	0.452372938
414	0.45070898	0.44766072	0.458656767	0.448613928	0.454177898
415	0.450235373	0.44717362	0.458557951	0.449510301	0.454698552
416	0.453261601	0.447253118	0.459286676	0.448531893	0.455158463
417	0.452308729	0.44777628	0.459441266	0.449275362	0.458221024
418	0.455432223	0.449007068	0.459204316	0.449983159	0.458585859
419	0.455555556	0.449041372	0.458333333	0.450319973	0.457940781
420	0.457912458	0.451732257	0.456411982	0.450894364	0.459650303
421	0.455981183	0.454330974	0.458066689	0.452156334	0.460863698
422	0.455991875	0.453660175	0.458795829	0.452059419	0.462314939
423	0.455405405	0.451244116	0.458839406	0.452244347	0.458922559
424	0.456134454	0.452919339	0.461693548	0.452581843	0.464755481
425	0.456806723	0.455768584	0.462108454	0.454330974	0.461952862
426	0.458867161	0.454148472	0.464129336	0.455802969	0.458977808
427	0.46011444	0.453934095	0.464129336	0.456110736	0.460916442
428	0.458684654	0.45460659	0.463431075	0.457239057	0.461797375
429	0.458977808	0.452836522	0.462004035	0.457798785	0.462987887
430	0.460916442	0.452348993	0.464153484	0.458164642	0.465343203
431	0.459650303	0.454851752	0.463768116	0.458502024	0.466307278
432	0.459804911	0.454912517	0.465030262	0.457940781	0.469002695
433	0.45729657	0.457181389	0.464333782	0.457518543	0.467855941
434	0.459441266	0.457325269	0.46597035	0.458164642	0.468013468
435	0.462887989	0.45864156	0.46684618	0.45998655	0.467991914
436	0.463143723	0.45993266	0.467025572	0.460370995	0.467812605
437	0.462701613	0.460451027	0.467226891	0.460162053	0.465476591
438	0.465319865	0.457786747	0.469002695	0.460141271	0.467453626
439	0.464490071	0.458851192	0.470171891	0.460033727	0.469635628
440	0.464490071	0.461978466	0.47100472	0.459331758	0.46967655
441	0.465836419	0.462726662	0.471577531	0.461668355	0.470469119
442	0.46716066	0.461952862	0.471698113	0.459669254	0.471063257
443	0.465790361	0.461797375	0.469993257	0.460188934	0.470667566
444	0.465767285	0.462782082	0.473063973	0.460579515	0.468686869
445	0.466509593	0.463553913	0.474251094	0.46120108	0.469456632
446	0.466756212	0.463865546	0.474285714	0.458977808	0.469758065
447	0.466487033	0.469497809	0.474519069	0.459304289	0.470013477
448	0.467383995	0.46769852	0.473737374	0.460370995	0.471380471
449	0.468844729	0.469442579	0.473277311	0.46107179	0.473364801
450	0.469243697	0.470627727	0.471634777	0.460108181	0.474091521
451	0.467383995	0.474621849	0.473613445	0.459650303	0.474358974
452	0.468823728	0.473932055	0.474798387	0.462292864	0.472690492
453	0.46842283	0.474781439	0.475100942	0.461694229	0.473755047
454	0.467092008	0.476478495	0.474161074	0.46320054	0.473223308
455	0.468644639	0.477822581	0.471698113	0.463997308	0.474198988
456	0.4667115	0.478348439	0.474056604	0.463948787	0.473100202
457	0.467676768	0.478158602	0.472727273	0.46382691	0.472072678
458	0.466935213	0.478626725	0.474056604	0.464731691	0.4730821
459	0.467790894	0.476544043	0.473967081	0.466375252	0.47574124
460	0.466868483	0.476783311	0.475277497	0.468034993	0.474462366
461	0.469065232	0.477983193	0.475404313	0.469794128	0.474941137
462	0.467497474	0.479285955	0.476078167	0.470707071	0.477586788
463	0.470945946	0.478027508	0.475806452	0.472212866	0.476591445
464	0.47003367	0.477616964	0.478977464	0.472494094	0.477456258
465	0.470410222	0.477586788	0.48063321	0.473205258	0.477923829
466	0.470865611	0.477295661	0.48047138	0.473648649	0.477983193
467	0.472972973	0.478787879	0.483697479	0.472690492	0.477104377
468	0.475277497	0.479663866	0.484889187	0.471913892	0.476383266
469	0.475630252	0.479865772	0.485858586	0.473063973	0.479096426
470	0.475597442	0.479636486	0.487377987	0.473241333	0.479433581
471	0.481106613	0.479811575	0.485397784	0.475548061	0.480336134
472	0.48063321	0.482851379	0.48654105	0.473259334	0.479019805
473	0.480808081	0.485234899	0.485521886	0.4756921	0.482630691
474	0.479461279	0.485021878	0.486749413	0.476383266	0.482689076
475	0.481879195	0.486877524	0.485521886	0.477732794	0.483642496
476	0.480820996	0.488043112	0.484480432	0.478114478	0.481818182
477	0.47985225	0.487895091	0.484889187	0.47925801	0.480944351
478	0.479488904	0.48956229	0.485368315	0.477953551	0.480970024
479	0.478319328	0.490084034	0.487386478	0.480607083	0.480970024
480	0.480081026	0.491417031	0.488035052	0.479096426	0.480497646
481	0.479096426	0.489576328	0.488043112	0.47809973	0.483164983
482	0.477792732	0.491930061	0.487919463	0.477717758	0.480833894
483	0.478684122	0.491092437	0.487533693	0.477864143	0.481956155
484	0.479986546	0.490242261	0.487377987	0.480970024	0.481170141
485	0.48246797	0.489583333	0.485512129	0.481781377	0.484664644
486	0.482004709	0.490229111	0.488731921	0.481769075	0.481456507
487	0.482178884	0.48907563	0.489404642	0.48180593	0.484359233
488	0.482479784	0.489727181	0.491080444	0.481956155	0.486659912
489	0.483350151	0.492934051	0.492084877	0.48030966	0.486704813
490	0.484001347	0.491068419	0.490591398	0.482106685	0.487567204
491	0.484685291	0.492436975	0.492266308	0.481618887	0.488888889
492	0.485868102	0.492261104	0.494782901	0.483305228	0.487722839
493	0.486550101	0.492090205	0.495967742	0.482979441	0.490242261
494	0.48871674	0.493615591	0.498484338	0.482082488	0.492271505
495	0.489892183	0.493764746	0.498153743	0.485839514	0.492406345
496	0.489699426	0.493781513	0.498991258	0.487862441	0.493270525
497	0.48839556	0.495465233	0.498991258	0.489534099	0.491935484
498	0.48871674	0.494952894	0.49983182	0.490387858	0.493947545
499	0.488896366	0.496134454	0.49865501	0.486980047	0.494775868
500	0.489225589	0.494782901	0.499832046	0.486513823	0.495459132
501	0.48989899	0.49445005	0.499157398	0.485309017	0.49713901
502	0.489397509	0.495122772	0.497297297	0.48582996	0.498990579
503	0.488215488	0.494793416	0.496642042	0.485849057	0.501009421
504	0.488207547	0.494283793	0.495792662	0.486368226	0.501008065
505	0.488888889	0.496635262	0.496468214	0.483501684	0.499495459
506	0.487533693	0.495962315	0.495619946	0.48267743	0.498317631
507	0.489376054	0.49596503	0.495286195	0.482618967	0.49597045
508	0.490222522	0.495962315	0.498655914	0.483642496	0.496134454
509	0.488051161	0.497812184	0.50134499	0.484317032	0.496969697
510	0.489583333	0.501854975	0.5	0.486504723	0.495795493
511	0.488731921	0.501684636	0.498825109	0.487862441	0.494276094
512	0.490585071	0.502189289	0.499327505	0.486513823	0.491919192
513	0.491742501	0.502014775	0.502187816	0.483350151	0.494438827
514	0.491908294	0.502847571	0.50436828	0.487179487	0.49411369
515	0.488575269	0.502521008	0.502353732	0.485512129	0.494612795
516	0.487248322	0.499495459	0.502184874	0.487205387	0.495628783
517	0.489747899	0.501849983	0.503870751	0.485521886	0.496293801
518	0.488387748	0.501849983	0.502018843	0.487698011	0.494793416
519	0.48989899	0.502529511	0.501346801	0.4880189	0.49445005
520	0.48784605	0.501514642	0.500671592	0.488026981	0.497978437
521	0.488043112	0.502521008	0.501010101	0.486513823	0.496804575
522	0.488067227	0.502353732	0.499663753	0.489211059	0.499160228
523	0.488223419	0.500840336	0.499495798	0.487854251	0.497482377
524	0.488598256	0.500671592	0.501178055	0.487386478	0.498487395
525	0.488067227	0.502014775	0.499327052	0.487878788	0.499157398
526	0.488544474	0.505217099	0.497646268	0.489046175	0.501176471
527	0.486386555	0.500673854	0.497475597	0.487550471	0.498823529
528	0.487714574	0.503199731	0.496630728	0.487878788	0.499324781
529	0.489576328	0.502521008	0.497981157	0.487525287	0.497979798
530	0.48891129	0.503028264	0.49563172	0.487681404	0.498147524
531	0.48891129	0.500167954	0.496468214	0.487829615	0.497982515
532	0.488387748	0.500673401	0.498318763	0.48787062	0.497137083
533	0.487377987	0.501346801	0.499326146	0.490559676	0.498989218
534	0.486886348	0.501853724	0.501179643	0.490902965	0.498655914
535	0.485348602	0.500504202	0.499159099	0.487213997	0.496635262
536	0.487681404	0.501676727	0.501178055	0.490572391	0.496461072
537	0.487550471	0.503875969	0.50269179	0.49140546	0.496461072
538	0.486041036	0.501343183	0.503193277	0.492250674	0.496458685
539	0.486877524	0.502688172	0.504201681	0.491382224	0.496291301
540	0.488866397	0.502857143	0.503862949	0.491891892	0.497135153
541	0.490927419	0.503184713	0.505220613	0.492758505	0.499494439
542	0.490433031	0.505036938	0.505890273	0.491239892	0.499157398
543	0.493619879	0.506231054	0.505047106	0.492929293	0.497815126
544	0.49327957	0.50622686	0.506210138	0.492261104	0.497306397
545	0.492768248	0.505553686	0.505387205	0.494446314	0.497477296
546	0.494283793	0.505542492	0.506410256	0.492426792	0.49578699
547	0.493436553	0.504198858	0.505557427	0.493247806	0.493768946
548	0.494609164	0.505203088	0.504377104	0.492084877	0.495614035
549	0.495614035	0.503527041	0.506384409	0.49038137	0.49865501
550	0.493951613	0.503708699	0.506044325	0.488724335	0.497478992
551	0.494789916	0.502686367	0.506900034	0.488026981	0.497472194
552	0.495628783	0.502189289	0.507578309	0.490578735	0.496804575
553	0.495459132	0.50016818	0.505572442	0.489548213	0.497133221
554	0.495459132	0.501680108	0.504877228	0.488724335	0.499157966
555	0.49713901	0.500840336	0.504716981	0.490578735	0.501178055
556	0.498318763	0.502189289	0.507407407	0.488851351	0.500842034
557	0.496804575	0.501677852	0.507075472	0.491736931	0.501012146
558	0.498484338	0.504377104	0.507728495	0.491062395	0.499327052
559	0.500168634	0.503870751	0.506909336	0.492421691	0.500841468
560	0.498146276	0.504207338	0.50621431	0.493768946	0.503201887
561	0.496630728	0.505043712	0.506060606	0.493090664	0.500505221
562	0.496806723	0.503696237	0.507733692	0.49393122	0.498317631
563	0.496129249	0.50621431	0.509915966	0.495106311	0.500673854
564	0.497135153	0.507226891	0.508571429	0.495616993	0.501513623
565	0.498991258	0.50672495	0.508754209	0.498480243	0.502526103
566	0.503026227	0.505870513	0.507904474	0.496804575	0.501515662
567	0.501511589	0.507407407	0.506401617	0.497643098	0.500842034
568	0.501852476	0.507231752	0.508389262	0.495283019	0.502190765
569	0.505213589	0.503870751	0.509744624	0.498483316	0.502522704
570	0.502361673	0.50403497	0.509084791	0.4996633	0.503538928
571	0.502187816	0.504365346	0.510931719	0.497463646	0.5
572	0.501513623	0.504890388	0.510616785	0.496623903	0.500168067
573	0.501007388	0.50318899	0.510939078	0.497131286	0.503706199
574	0.500841468	0.504877228	0.511118598	0.498647735	0.501685772
575	0.500841468	0.502519315	0.513131313	0.499325236	0.502355316
576	0.502020202	0.503527041	0.513968361	0.500168748	0.501516684
577	0.501008065	0.505203088	0.512457912	0.498484338	0.5
578	0.502355316	0.507226891	0.511252939	0.496126642	0.497647849
579	0.503536544	0.507392473	0.509414929	0.497468782	0.497641509
580	0.503536544	0.504531722	0.50755287	0.495625841	0.497133221
581	0.502864847	0.507738896	0.507061197	0.493927126	0.493436553
582	0.504380054	0.508246382	0.509751177	0.495622896	0.49410576
583	0.503703704	0.509243697	0.508730692	0.495619946	0.493947545
584	0.502355316	0.510931719	0.507226891	0.495273464	0.492924528
585	0.5	0.509414929	0.507578309	0.493256912	0.493594066
586	0.500672495	0.510931719	0.505546218	0.495619946	0.493943472
587	0.500504881	0.510416667	0.503028264	0.49578699	0.495622896
588	0.500504202	0.510774411	0.503367003	0.496798113	0.499160792
589	0.500504541	0.512113055	0.503534164	0.496626181	0.498989218
590	0.503369272	0.512277161	0.502521008	0.496802423	0.499662162
591	0.501516684	0.513140162	0.501008065	0.497978437	0.502529511
592	0.501849983	0.511948839	0.501684636	0.497475597	0.50117568
593	0.502018843	0.511432414	0.501008742	0.496463456	0.501176471
594	0.503195425	0.511792453	0.50269179	0.495954147	0.498989899
595	0.503184713	0.511596639	0.502857143	0.497813656	0.499831933
596	0.502862917	0.513613445	0.503696237	0.499662846	0.50117568
597	0.502024291	0.512260665	0.501512605	0.499494439	0.501513623
598	0.501011463	0.511103634	0.502189289	0.498148771	0.500337154
599	0.498989899	0.513431833	0.503873358	0.497137083	0.503195425
600	0.498151261	0.510759919	0.504207338	0.495625841	0.501852476
601	0.498989218	0.512941176	0.504377104	0.498147524	0.502531218
602	0.499327052	0.513823331	0.505398111	0.497979798	0.502866779
603	0.501178055	0.514621849	0.503531786	0.497809235	0.503878583
604	0.502021563	0.51394958	0.504540868	0.496961512	0.501846257
605	0.501512605	0.513622603	0.506231054	0.498316498	0.502187816
606	0.499831593	0.513486177	0.504697987	0.499327505	0.501853724
607	0.499495798	0.513622603	0.507573208	0.5	0.502187816
608	0.500672948	0.511908755	0.507226891	0.501012146	0.499831366
609	0.501512605	0.510265904	0.509929317	0.499494779	0.498990579
610	0.5003367	0.508883674	0.512104909	0.496632997	0.50016852
611	0.502356902	0.508224236	0.510939078	0.497977073	0.498820357
612	0.500673854	0.510752688	0.512293702	0.501012829	0.498487395
613	0.498485358	0.511321392	0.511792453	0.49865501	0.499831933
614	0.496630728	0.512474713	0.512967329	0.497473897	0.499327052
615	0.498482293	0.513286243	0.512260665	0.495109612	0.501008742
616	0.498822738	0.510939078	0.510423672	0.496456294	0.501177262
617	0.497644684	0.51043771	0.509942703	0.497643098	0.499494779
618	0.494768815	0.510588235	0.509757739	0.498317631	0.5
619	0.495453014	0.511260504	0.508577195	0.496969697	0.499495798
620	0.494949495	0.511760753	0.508919556	0.497473897	0.498147524
621	0.498315364	0.509573396	0.510252101	0.495951417	0.496973773
622	0.497647849	0.510258998	0.512777404	0.499326146	0.497304582
623	0.49915683	0.511752854	0.512104909	0.502524403	0.499157966
624	0.498987171	0.509066488	0.509433962	0.500844309	0.498821152
625	0.499327505	0.510265904	0.511432414	0.5	0.500168407
626	0.498148771	0.508577195	0.51076716	0.502693603	0.5
627	0.50286099	0.507217187	0.512474713	0.501178055	0.501180438
628	0.502695418	0.507222036	0.512786003	0.501178055	0.500840901
629	0.500336474	0.509599192	0.513157895	0.500505221	0.503371544
630	0.497646268	0.506388702	0.511096167	0.501513623	0.504037685
631	0.499326599	0.506231054	0.51076716	0.499494098	0.50421301
632	0.497647849	0.507412399	0.512449529	0.498486377	0.502521008
633	0.499831252	0.50755287	0.512630515	0.500336927	0.503870751
634	0.497978437	0.506890756	0.513814016	0.499663073	0.506900034
635	0.499494779	0.507065949	0.512277161	0.498489426	0.506734007
636	0.501177262	0.504371217	0.514122394	0.498148771	0.507578309
637	0.501345895	0.504204507	0.5153457	0.499155691	0.505902192
638	0.501513623	0.506388702	0.517718529	0.50016852	0.505561173
639	0.501684636	0.506393001	0.517670818	0.5	0.508600337
640	0.502368065	0.506380121	0.516857721	0.499327052	0.510430686
641	0.502695418	0.505546218	0.51732257	0.5003367	0.509751177
642	0.500504541	0.507733692	0.516880486	0.501177262	0.51010101
643	0.501348618	0.508246382	0.516139879	0.501011463	0.508406187
644	0.502702703	0.507888553	0.516846361	0.49915683	0.508577195
645	0.503706199	0.508224236	0.513804714	0.498821152	0.508913555
646	0.503534164	0.509408602	0.513468013	0.500168294	0.509751177
647	0.507904474	0.508251937	0.513958964	0.498653199	0.51043771
648	0.504534767	0.510595358	0.512967329	0.499662846	0.510258998
649	0.504697987	0.508251937	0.511596639	0.498484338	0.508229762
650	0.506904682	0.509922637	0.511268079	0.497304582	0.50606469
651	0.506393001	0.508417508	0.511440108	0.499831366	0.50789916
652	0.507061197	0.508218719	0.513650152	0.496628456	0.509256143
653	0.507925801	0.509421265	0.510953825	0.496632997	0.507241495
654	0.507749326	0.509909305	0.5129586	0.496461072	0.509262378
655	0.508931581	0.509249916	0.512777404	0.495106311	0.506060606
656	0.508069939	0.508400538	0.512949882	0.493071984	0.506397306
657	0.507754552	0.509231286	0.515630252	0.49273894	0.503870751
658	0.507563025	0.511268079	0.513486177	0.493270525	0.505390836
659	0.507563025	0.514507422	0.515304406	0.493598383	0.507744108
660	0.50487395	0.514487871	0.512803235	0.492753623	0.509605662
661	0.504210172	0.514285714	0.510595358	0.493099966	0.508907563
662	0.502693603	0.515998653	0.511290866	0.493086003	0.506890756
663	0.501346801	0.514276117	0.508406187	0.494605529	0.507563025
664	0.501345895	0.513431833	0.50976431	0.494605529	0.506222671
665	0.500168294	0.512605042	0.508246382	0.49443132	0.506252112
666	0.5	0.515630252	0.508423181	0.494117647	0.507573208
667	0.501847497	0.513422819	0.508053691	0.494609164	0.50487395
668	0.501008742	0.514304948	0.509237487	0.493090664	0.504880512
669	0.502864847	0.512441157	0.510107817	0.495267072	0.504710633
670	0.501510574	0.5129586	0.510759919	0.495289367	0.504210172
671	0.502183406	0.514968046	0.511290866	0.495109612	0.50621431
672	0.501514642	0.512932482	0.509243697	0.49578699	0.505723906
673	0.503028264	0.513096038	0.512121212	0.496628456	0.508263069
674	0.502184874	0.514247402	0.512984823	0.495276653	0.506729475
675	0.503191132	0.512449529	0.514103425	0.496804575	0.50606469
676	0.501009421	0.510402685	0.514478114	0.496802423	0.506384409
677	0.504048583	0.511268079	0.510946447	0.497813656	0.504713805
678	0.499832046	0.50859454	0.513640957	0.499663073	0.505906176
679	0.49983148	0.506222671	0.514478114	0.500168407	0.507931151
680	0.49596503	0.507042254	0.515335356	0.500843739	0.502356902
681	0.496461072	0.506881504	0.514690983	0.501346801	0.503873358
682	0.498652291	0.507909795	0.514641535	0.500842034	0.503199731
683	0.499159664	0.506044325	0.512777404	0.502358491	0.503028264
684	0.49865501	0.50554995	0.514641535	0.501688049	0.506222671
685	0.498823529	0.504540868	0.512768817	0.498315364	0.507749326
686	0.498653199	0.503199731	0.513814016	0.498480243	0.508069939
687	0.499831252	0.504198858	0.511111111	0.499327505	0.506567868
688	0.500168067	0.505376344	0.513449899	0.498482293	0.50538358
689	0.501176471	0.506401617	0.514150943	0.49966239	0.507231752
690	0.499327505	0.504537815	0.511596639	0.501518731	0.505047106
691	0.500673401	0.503364738	0.509402283	0.50321489	0.50436828
692	0.499159664	0.507226891	0.511260504	0.50168691	0.503873358
693	0.500505221	0.508571429	0.512449529	0.500673854	0.50268998
694	0.501008742	0.507904474	0.510953825	0.501009421	0.501683502
695	0.500842602	0.50807537	0.511596639	0.498314228	0.498315364
696	0.501857481	0.507392473	0.511275665	0.499663978	0.499494439
697	0.500336247	0.506715917	0.511103634	0.498482293	0.495789828
698	0.502360081	0.506559031	0.511948839	0.498147524	0.496632997
699	0.50286099	0.507397445	0.512483131	0.496963563	0.497647849
700	0.502521008	0.508754209	0.512285426	0.495614035	0.499327505
701	0.5	0.50672043	0.512786003	0.493445378	0.497478992
702	0.499493756	0.504543925	0.511776581	0.494779387	0.498151261
703	0.498651382	0.504883799	0.513149022	0.493764746	0.498991258
704	0.497475597	0.504543925	0.517148621	0.494775868	0.49983148
705	0.493764746	0.507246377	0.516453996	0.493594066	0.500336927
706	0.496129249	0.507061197	0.51417004	0.494097808	0.49983148
707	0.494446314	0.507075472	0.514794889	0.493109244	0.50016852
708	0.496632997	0.508064516	0.517381033	0.490559676	0.497472194
709	0.49596503	0.508246382	0.516346478	0.493261456	0.497300945
710	0.49512605	0.507744108	0.515640767	0.491074436	0.496298789
711	0.496131853	0.510258998	0.514631685	0.492768248	0.496124031
712	0.498150017	0.507056452	0.515141319	0.492758505	0.496621622
713	0.497649429	0.509586276	0.512967329	0.493418832	0.496969697
714	0.49915683	0.510416667	0.513968361	0.49410576	0.499495459
715	0.499156261	0.510258998	0.515977127	0.492753623	0.499326599
716	0.498487395	0.509072581	0.516442953	0.492900609	0.496637525
717	0.497472194	0.509421265	0.513640957	0.493099966	0.497302765
718	0.496129249	0.509744624	0.515456989	0.492582603	0.49983182
719	0.497135153	0.510272819	0.516812374	0.493581081	0.5003367
720	0.497475597	0.507909795	0.514468371	0.493581081	0.501345895
721	0.496630728	0.508417508	0.511924756	0.49141125	0.498485358
722	0.496806723	0.507226891	0.512949882	0.490725126	0.499157398
723	0.498652291	0.508406187	0.513122476	0.490077363	0.497979798
724	0.499662618	0.508235294	0.514468371	0.491245791	0.496635262
725	0.500167954	0.506222671	0.512777404	0.491542625	0.498317631
726	0.5	0.508913555	0.511940801	0.493585415	0.498653199
727	0.502864847	0.509421265	0.510602491	0.491913747	0.498316498
728	0.502697235	0.508736559	0.512622013	0.495443807	0.49730821
729	0.501514642	0.508235294	0.512113055	0.495276653	0.495279838
730	0.501010101	0.506554622	0.514439221	0.497809235	0.495622896
731	0.501512605	0.506729475	0.515661839	0.497470489	0.49696561
732	0.502695418	0.506048387	0.516728625	0.498316498	0.495116201
733	0.500672948	0.506895392	0.515793011	0.498820357	0.495625841
734	0.499663526	0.507217187	0.514794889	0.497978437	0.494956288
735	0.501176471	0.50789916	0.517520216	0.498817967	0.495465233
736	0.502022927	0.508730692	0.517845118	0.49983182	0.496963563
737	0.499495119	0.509078682	0.517461383	0.501517707	0.496639785
738	0.499159099	0.505206584	0.519838601	0.501518731	0.498317631
739	0.501011463	0.504550051	0.519825269	0.498987854	0.498817168
740	0.498653199	0.503018109	0.519068512	0.49730821	0.501180438
741	0.497472194	0.503696237	0.517484869	0.497135153	0.500503863
742	0.498322148	0.503195425	0.518855219	0.497977073	0.500505561
743	0.499831706	0.502521008	0.520538721	0.496973773	0.5
744	0.498151261	0.502192243	0.518855219	0.496967655	0.501682369
745	0.496642042	0.504204507	0.517845118	0.497477296	0.50134499
746	0.49731002	0.50134499	0.519140363	0.495456075	0.500842034
747	0.500168748	0.500671592	0.516509434	0.495616993	0.501174891
748	0.497475597	0.501512605	0.516335466	0.497475597	0.501852476
749	0.499831933	0.499663526	0.516789792	0.496628456	0.497641509
750	0.501854975	0.500504541	0.515987883	0.497468782	0.498315364
751	0.502352151	0.49983182	0.514631685	0.496963563	0.49713901
752	0.502186344	0.496804575	0.514804845	0.497641509	0.497133221
753	0.503022163	0.495122772	0.514006075	0.498484338	0.495453014
754	0.505050505	0.496137051	0.513823331	0.497810711	0.49578699
755	0.505553686	0.496806723	0.51146325	0.499494779	0.494952894
756	0.505902192	0.497475597	0.512596574	0.499158532	0.496465836
757	0.50606878	0.495456075	0.511424731	0.497644684	0.494605529
758	0.50807537	0.498653199	0.511940801	0.497807757	0.494101786
759	0.507387508	0.495954147	0.512104909	0.497974342	0.494956288
760	0.505890273	0.495967742	0.511596639	0.497472194	0.495954147
761	0.507061197	0.496642042	0.512777404	0.498486377	0.494949495
762	0.506222671	0.498655914	0.512424446	0.497982515	0.495795493
763	0.506563447	0.499495459	0.513468013	0.497974342	0.496137051
764	0.506218487	0.499832046	0.514150943	0.495449949	0.498652291
765	0.507056452	0.499832046	0.512310287	0.495959596	0.498487395
766	0.505557427	0.500672043	0.512949882	0.49462004	0.498653199
767	0.506900034	0.50016852	0.512777404	0.496468214	0.499495119
768	0.50807537	0.501176471	0.514131898	0.497974342	0.499327052
769	0.508754209	0.500673854	0.512932482	0.49461642	0.498485358
770	0.508754209	0.501176471	0.511447811	0.494423792	0.498821152
771	0.508235294	0.500674309	0.513322091	0.493247806	0.500504541
772	0.507075472	0.50286099	0.514631685	0.494605529	0.499157398
773	0.50704698	0.502016129	0.511268079	0.49544688	0.498316498
774	0.507226891	0.499831593	0.510238335	0.496967655	0.498153743
775	0.507931151	0.500503187	0.509262378	0.494272237	0.497641509
776	0.50622686	0.500336247	0.511268079	0.493423272	0.497979798
777	0.505723906	0.5	0.509579832	0.49410576	0.497140935
778	0.504870675	0.5	0.508742434	0.494097808	0.49679379
779	0.504371217	0.499495119	0.506554622	0.496286293	0.495468278
780	0.50403497	0.499325236	0.509956126	0.497463646	0.494782901
781	0.502519315	0.496632997	0.508913555	0.495784148	0.494956288
782	0.502192243	0.495801142	0.506384409	0.494446314	0.494786411
783	0.502521008	0.496804575	0.507563025	0.493261456	0.495456075
784	0.501010782	0.495465233	0.507065949	0.493261456	0.49512605
785	0.500336022	0.49461642	0.507578309	0.492919757	0.495622896
786	0.501682369	0.495622896	0.504546986	0.495616993	0.496808868
787	0.500336247	0.49445005	0.504377104	0.492919757	0.496973773
788	0.50033761	0.495116201	0.507075472	0.497804796	0.495795493
789	0.50303439	0.496129249	0.506554622	0.494775868	0.494956288
790	0.503711201	0.495456075	0.505882353	0.493943472	0.494279946
791	0.504040404	0.493615591	0.506900034	0.495611074	0.493939394
792	0.506405934	0.496293801	0.506734007	0.497477296	0.497135153
793	0.506397306	0.493109244	0.505557427	0.496632997	0.496969697
794	0.50538358	0.493611298	0.505036938	0.496288799	0.497641509
795	0.506554622	0.493624161	0.506243672	0.494598244	0.499325236
796	0.508571429	0.495286195	0.505390836	0.491908294	0.498483316
797	0.507578309	0.493445378	0.506397306	0.490915209	0.500168748
798	0.508246382	0.494121599	0.507236621	0.489905787	0.49730821
799	0.507909795	0.494793416	0.506052455	0.489541161	0.498489426
800	0.508064516	0.496137051	0.506048387	0.491086445	0.495628783
801	0.506886127	0.493265993	0.507231752	0.488724335	0.495122772
802	0.506371563	0.49210084	0.50436828	0.488215488	0.496465836
803	0.506876887	0.494786411	0.505217099	0.48836425	0.493436553
804	0.506218487	0.493606999	0.50554995	0.487516869	0.493261456
805	0.505735493	0.493606999	0.506715917	0.48836425	0.497140935
806	0.504365346	0.493781513	0.505217099	0.488709134	0.495109612
807	0.505213589	0.494453782	0.50623946	0.488379926	0.49376054
808	0.503201887	0.495302013	0.507246377	0.4864682	0.494097808
809	0.505033557	0.493432132	0.507231752	0.48989899	0.495795493
810	0.503873358	0.494786411	0.506563447	0.490866035	0.496468214
811	0.503534164	0.493265993	0.506729475	0.48907563	0.495962315
812	0.50117568	0.491269308	0.503026227	0.48989899	0.494287634
813	0.5	0.492943548	0.503201887	0.490896831	0.494775868
814	0.501178055	0.492426792	0.502355316	0.490553306	0.491422805
815	0.499159099	0.492421691	0.501174103	0.491742501	0.491263441
816	0.499663753	0.492416582	0.501346801	0.491764706	0.495295699
817	0.499495798	0.492602555	0.501852476	0.490718866	0.495789828
818	0.499159664	0.495289367	0.501680108	0.491080444	0.495471318
819	0.501851229	0.496806723	0.504883799	0.488866397	0.495462185
820	0.501680108	0.49596503	0.505213589	0.491399663	0.495798319
821	0.502016129	0.497478992	0.504540868	0.491742501	0.494291471
822	0.502189289	0.496639785	0.504716981	0.48956229	0.495792662
823	0.499663526	0.496137051	0.503873358	0.492411467	0.493598383
824	0.499159099	0.49445005	0.50455312	0.492261104	0.49410576
825	0.502190765	0.496139644	0.505390836	0.492401216	0.491935484
826	0.500671141	0.496137051	0.504043127	0.490023673	0.493432132
827	0.501514642	0.496973773	0.503703704	0.489720256	0.49210084
828	0.4996633	0.493943472	0.503022163	0.491239892	0.493445378
829	0.498820357	0.49377314	0.50538358	0.491245791	0.494786411
830	0.501514642	0.495112909	0.505890273	0.49192463	0.49461642
831	0.499158532	0.494946092	0.50538358	0.490902965	0.495795493
832	0.498991258	0.494796912	0.505050505	0.490394338	0.495798319
833	0.498821152	0.49713901	0.503703704	0.491092437	0.497475597
834	0.498819562	0.496129249	0.504534767	0.492577598	0.496975806
835	0.497641509	0.493764746	0.503362475	0.493777329	0.496298789
836	0.497304582	0.493955675	0.502527806	0.493589744	0.495956873
837	0.498147524	0.495286195	0.502356902	0.495614035	0.49596503
838	0.497813656	0.496806723	0.502184874	0.497300945	0.49696561
839	0.498821152	0.494952894	0.500504881	0.495112909	0.498820357
840	0.497979798	0.493955675	0.500505221	0.492748735	0.501179643
841	0.498152503	0.493445378	0.498821945	0.493427705	0.497641509
842	0.498148771	0.494283793	0.501344086	0.492245448	0.498486377
843	0.498654105	0.493955675	0.501176471	0.490737622	0.497982515
844	0.497639919	0.495792662	0.498316498	0.490915209	0.498315364
845	0.499327052	0.495789828	0.498153743	0.490248823	0.497812184
846	0.498991935	0.495795493	0.497979798	0.487878788	0.498653199
847	0.500168407	0.495634654	0.50084488	0.486659912	0.498652291
848	0.499831706	0.496293801	0.499831933	0.487205387	0.497644684
849	0.500337154	0.494283793	0.500504541	0.486185984	0.496468214
850	0.500672495	0.495295699	0.500505221	0.486195286	0.49696561
851	0.499496475	0.492090205	0.497468782	0.485031954	0.49731002
852	0.499326599	0.494117647	0.498821945	0.486695857	0.495289367
853	0.497643098	0.496639785	0.497306397	0.487533693	0.496296296
854	0.499326599	0.495625841	0.497979798	0.488035052	0.497477296
855	0.499831593	0.493611298	0.500336927	0.489905787	0.499326146
856	0.501178055	0.494442573	0.497646268	0.489720256	0.498319892
857	0.501682369	0.495967742	0.497306397	0.492079542	0.499157966
858	0.502021563	0.49445005	0.496306246	0.492068849	0.499493756
859	0.501513623	0.492597577	0.495956873	0.48989899	0.499663073
860	0.500840336	0.496804575	0.496971736	0.492572586	0.497306397
861	0.502020202	0.494117647	0.497639919	0.485877606	0.496468214
862	0.501347709	0.494949495	0.497144777	0.488026981	0.499159099
863	0.502184874	0.494109727	0.499158532	0.488207547	0.497982515
864	0.500505561	0.493943472	0.498987171	0.487706298	0.496967655
865	0.502347418	0.493118496	0.496463456	0.487369485	0.495628783
866	0.501010782	0.492919757	0.497810711	0.486148649	0.496468214
867	0.504043127	0.491086445	0.499158532	0.484490897	0.49578699
868	0.504201681	0.490426604	0.500335796	0.486704813	0.496798113
869	0.506222671	0.488051161	0.497475597	0.486359043	0.496298789
870	0.505390836	0.489754787	0.496637525	0.488199595	0.497641509
871	0.504537815	0.488582942	0.496131853	0.488348531	0.497979798
872	0.50421301	0.489240081	0.497475597	0.487525287	0.495283019
873	0.502522704	0.490750084	0.496971736	0.489397509	0.494279946
874	0.504559271	0.491588156	0.498486377	0.492411467	0.494952894
875	0.503036437	0.488559892	0.496630728	0.492261104	0.495279838
876	0.50318685	0.488918737	0.494782901	0.493449782	0.494109727
877	0.501858736	0.487050118	0.493777329	0.490585071	0.492919757
878	0.500168067	0.489046175	0.493427705	0.49157114	0.489892183
879	0.503028264	0.488199595	0.49273894	0.492079542	0.491930061
880	0.502189289	0.48759222	0.494453782	0.495103006	0.491913747
881	0.50016818	0.487739335	0.491588156	0.493594066	0.493768946
882	0.502524403	0.488262911	0.493095318	0.491245791	0.495459132
883	0.502355316	0.489905787	0.492431887	0.494093824	0.496465836
884	0.5	0.487542088	0.491068419	0.493423272	0.49378569
885	0.501176471	0.488567586	0.491759166	0.493589744	0.49410576
886	0.499494779	0.487386478	0.492924528	0.491417031	0.491935484
887	0.499831706	0.486722689	0.492597577	0.49239608	0.492582603
888	0.499831933	0.486031639	0.492787655	0.495283019	0.494283793
889	0.497144777	0.484532616	0.492261104	0.495789828	0.491593813
890	0.496802423	0.483892617	0.492079542	0.494601889	0.490731378
891	0.495959596	0.485417365	0.490420168	0.493086003	0.490921318
892	0.49443132	0.485743039	0.490084034	0.490248823	0.490750084
893	0.495298858	0.484858681	0.490553306	0.490394338	0.488896366
894	0.496137051	0.485560779	0.489747899	0.489878543	0.489060922
895	0.496635262	0.485704675	0.489038786	0.490743857	0.488724335
896	0.496804575	0.487213997	0.490737622	0.491908294	0.488903833
897	0.498156219	0.484380249	0.489031387	0.492084877	0.488051161
898	0.499496137	0.483860121	0.487205387	0.493423272	0.489569314
899	0.49983148	0.48602223	0.48871674	0.492068849	0.489747899
900	0.498990579	0.487205387	0.488731921	0.490902965	0.490578735
901	0.498656817	0.486722689	0.490737622	0.492597577	0.489411765
902	0.501348618	0.486513823	0.491946309	0.494256757	0.488575269
903	0.501176471	0.485723883	0.491919192	0.494775868	0.487213997
904	0.498483316	0.487369485	0.491251682	0.493589744	0.484327604
905	0.499831706	0.486850978	0.490725126	0.492250674	0.484848485
906	0.5	0.486550101	0.489741002	0.491908294	0.485021878
907	0.501848739	0.486531987	0.491422805	0.491399663	0.484206989
908	0.500168407	0.485215054	0.49023569	0.490057297	0.486368226
909	0.501012146	0.485234899	0.491399663	0.489397509	0.485387974
910	0.501174891	0.486877524	0.490413724	0.487516869	0.486568167
911	0.498821945	0.48702393	0.488724335	0.487360971	0.487706298
912	0.497473897	0.48404434	0.488544474	0.486185984	0.488582942
913	0.500503863	0.483187626	0.488896366	0.485482782	0.489727181
914	0.50016852	0.483153639	0.487196765	0.487377987	0.49040727
915	0.4996633	0.483708431	0.486859838	0.487681404	0.489713322
916	0.499663073	0.481992595	0.487550471	0.486877524	0.491251682
917	0.497475597	0.483048003	0.486859838	0.487722839	0.492421691
918	0.495967742	0.481331988	0.485358465	0.48839556	0.490585071
919	0.496472959	0.480510753	0.485031954	0.48853675	0.492084877
920	0.494782901	0.480620155	0.483979764	0.48923284	0.491269308
921	0.497478992	0.482329182	0.484055052	0.489060922	0.492090205
922	0.497983871	0.483827493	0.483013791	0.489734096	0.490566038
923	0.497472194	0.483002356	0.482004709	0.487714574	0.49143433
924	0.496795953	0.483164983	0.48115747	0.485877606	0.492436975
925	0.496301278	0.483372523	0.481643651	0.486522911	0.491935484
926	0.495801142	0.482515131	0.48115747	0.487903226	0.492431887
927	0.498482293	0.483002356	0.481830417	0.485656429	0.491251682
928	0.501009421	0.485328836	0.482154882	0.48550236	0.49410576
929	0.501848739	0.484175084	0.484012117	0.487516869	0.491593813
930	0.502017485	0.485195155	0.483361345	0.488059199	0.489218329
931	0.499495119	0.485541358	0.483361345	0.485704675	0.489053553
932	0.499327052	0.486877524	0.484868863	0.486815416	0.487222596
933	0.500841468	0.48787062	0.485714286	0.484674975	0.486713757
934	0.501852476	0.486577181	0.484522207	0.482956463	0.487196765
935	0.502355316	0.484553392	0.48590604	0.4826424	0.487886945
936	0.5	0.485723883	0.487231183	0.483653522	0.48605042
937	0.501680108	0.484185734	0.488059199	0.479932546	0.485704675
938	0.501347709	0.483860121	0.489404642	0.481119353	0.486704813
939	0.50016818	0.48302521	0.486586184	0.480982834	0.488215488
940	0.503026227	0.48332772	0.486195286	0.479959582	0.487681404
941	0.504207338	0.484716157	0.486731609	0.479784367	0.487731092
942	0.503030303	0.485215054	0.485368315	0.479784367	0.490413724
943	0.501849983	0.485052066	0.487542088	0.478407557	0.493104608
944	0.499327052	0.485021878	0.486377397	0.478759272	0.491417031
945	0.498148771	0.488403361	0.483305228	0.478759272	0.489892183
946	0.498148771	0.485868102	0.482526882	0.479096426	0.491086445
947	0.497816594	0.487689713	0.482630691	0.478759272	0.491257566
948	0.497810711	0.487731092	0.484012117	0.479068197	0.490921318
949	0.496468214	0.488552189	0.484369748	0.479244009	0.48891129
950	0.495792662	0.486377397	0.484380249	0.480107889	0.488387748
951	0.497306397	0.485358465	0.485685416	0.482956463	0.48989899
952	0.496126642	0.484348704	0.482990906	0.480580885	0.486377397
953	0.496806723	0.485868102	0.48384926	0.483153639	0.487213997
954	0.497140935	0.484390735	0.486531987	0.479973073	0.485031954
955	0.499326599	0.487248322	0.484543011	0.479743417	0.484175084
956	0.500840901	0.488387748	0.4838818	0.480107889	0.486031639
957	0.502017485	0.486241611	0.483187626	0.480431849	0.485695052
958	0.501517707	0.486386555	0.483523874	0.479567714	0.485072123
959	0.501008742	0.485695052	0.482202821	0.480081026	0.48384926
960	0.501345895	0.485551075	0.483142279	0.480458221	0.479609033
961	0.499495798	0.484685291	0.481106613	0.481306837	0.481331988
962	0.499495119	0.482503365	0.483164983	0.482293423	0.479663866
963	0.496465836	0.483383686	0.481456507	0.481331988	0.481170141
964	0.496973773	0.480982834	0.482329182	0.479461279	0.480283114
965	0.497473897	0.480510753	0.48	0.480121294	0.481344538
966	0.494283793	0.480227882	0.478626725	0.481781377	0.480484522
967	0.493432132	0.48	0.481818182	0.479595278	0.481344538
968	0.493284083	0.479530201	0.478712705	0.480269815	0.479461279
969	0.49410576	0.478143914	0.477616964	0.479905437	0.478963312
970	0.493436553	0.480497646	0.475630252	0.477571669	0.482805125
971	0.492436975	0.482538617	0.473436449	0.478949141	0.482293423
972	0.493104608	0.480174731	0.475310715	0.481956155	0.482828283
973	0.494942684	0.479636486	0.474764468	0.481331988	0.482805125
974	0.494772344	0.478906514	0.47577389	0.479595278	0.482269504
975	0.495122772	0.477807666	0.476494291	0.478949141	0.48030966
976	0.494782901	0.476575666	0.47577389	0.479285955	0.479609033
977	0.496303763	0.476591445	0.475998657	0.481456507	0.483979764
978	0.49865501	0.479636486	0.476912706	0.480970024	0.483664534
979	0.498822738	0.476670023	0.475613858	0.478114478	0.482491582
980	0.499324781	0.48030966	0.475134409	0.475757576	0.481668348
981	0.498819562	0.479475101	0.47394958	0.475724882	0.481319421
982	0.498821152	0.477647059	0.471755212	0.471997301	0.483187626
983	0.495784148	0.477005707	0.470588235	0.472053872	0.481431465
984	0.498655914	0.476814516	0.469360269	0.475885329	0.480833894
985	0.497813656	0.476110363	0.468728985	0.473879339	0.480296396
986	0.49730821	0.4758227	0.469181543	0.474181573	0.481793661
987	0.497815126	0.475838926	0.469758065	0.475581004	0.482364797
988	0.496458685	0.474251094	0.471121558	0.475084175	0.480808081
989	0.496134454	0.475294118	0.471894985	0.473684211	0.483501684
990	0.494782901	0.47357792	0.472110215	0.472904746	0.481106613
991	0.494279946	0.471577531	0.472091459	0.474410774	0.482816712
992	0.495119488	0.472194135	0.472568159	0.474501857	0.480094467
993	0.492431887	0.474730458	0.47147651	0.473259334	0.480672269
994	0.492271505	0.474764468	0.471997301	0.471857095	0.479461279
995	0.493261456	0.472353338	0.469579832	0.473063973	0.479650185
996	0.493118496	0.472922973	0.471163575	0.474501857	0.479636486
997	0.489905787	0.471418964	0.471202425	0.4730821	0.479369339
998	0.488544474	0.469380888	0.472605042	0.473027647	0.479327731
999	0.487714574	0.469086022	0.471989265	0.472708895	0.478626725
1000	0.487903226	0.47254968	0.471418964	0.472231572	0.479138627
1001	0.48602223	0.471736205	0.47357792	0.474233749	0.481319421
1002	0.486550101	0.471951629	0.4730821	0.473595695	0.479636486
1003	0.486232371	0.470607995	0.472727273	0.472212866	0.480269815
1004	0.48602223	0.472800537	0.472782258	0.471399731	0.481106613
1005	0.485868102	0.473790323	0.471932773	0.470469119	0.485165206
1006	0.486513823	0.473932055	0.47090481	0.468644639	0.484685291
1007	0.487854251	0.473772697	0.468623482	0.469737727	0.485521886
1008	0.48654105	0.474974807	0.469002695	0.47203504	0.483697479
1009	0.487575554	0.476078167	0.468235294	0.472586613	0.485042017
1010	0.488026981	0.475277497	0.464717742	0.47254968	0.479770735
1011	0.487558843	0.475662974	0.465592481	0.470548637	0.482851379
1012	0.485195155	0.475277497	0.466823846	0.472708895	0.48180593
1013	0.485397784	0.473454301	0.465053763	0.470687332	0.483002356
1014	0.485541358	0.472464741	0.465546218	0.47524419	0.482630691
1015	0.484716157	0.472464741	0.46684618	0.47697479	0.484664644
1016	0.484012117	0.47092437	0.464694015	0.477586788	0.484348704
1017	0.484879032	0.472586613	0.466823846	0.474890462	0.48234107
1018	0.484469953	0.471951629	0.467138524	0.469973009	0.484532616
1019	0.483697479	0.470568449	0.468371467	0.470885224	0.483013791
1020	0.484359233	0.472464741	0.469936177	0.472297297	0.482700705
1021	0.481656008	0.471774194	0.469160768	0.469915966	0.4826424
1022	0.481842636	0.471539239	0.470687332	0.46983485	0.48332772
1023	0.481170141	0.471951629	0.471024259	0.46769852	0.481481481
1024	0.480510753	0.472072678	0.468171101	0.465476591	0.479138627
1025	0.484012117	0.472091459	0.469181543	0.464731691	0.479743417
1026	0.481842636	0.471755212	0.470053836	0.464598786	0.481331988
1027	0.482166891	0.469818913	0.471121558	0.466396488	0.480362538
1028	0.480995627	0.470272086	0.468128162	0.465610249	0.480659267
1029	0.482130816	0.469600269	0.47092437	0.465430017	0.478231522
1030	0.484695594	0.470647773	0.467633176	0.464755481	0.481119353
1031	0.484685291	0.469717362	0.466868483	0.467812605	0.479461279
1032	0.481956155	0.468350168	0.468644639	0.467654987	0.480349345
1033	0.484501348	0.469737727	0.468371467	0.468718296	0.479341619
1034	0.482491582	0.46875	0.466509593	0.468844729	0.479622769
1035	0.481344538	0.470350404	0.465859401	0.470151771	0.480107889
1036	0.482828283	0.470094086	0.466644205	0.470885224	0.480646247
1037	0.481992595	0.472072678	0.467116358	0.468128162	0.478730587
1038	0.482479784	0.474536256	0.466666667	0.471202425	0.4779387
1039	0.482016807	0.472268908	0.467541204	0.471500843	0.477410654
1040	0.482016807	0.470528798	0.46684618	0.469023569	0.479433581
1041	0.483816588	0.469758065	0.468770987	0.469318948	0.480795148
1042	0.482665769	0.469895728	0.467519354	0.469160768	0.480013436
1043	0.481170141	0.470053836	0.464670256	0.471341875	0.479567714
1044	0.482352941	0.471024259	0.463792523	0.470151771	0.480833894
1045	0.481643651	0.469086022	0.464045699	0.470429199	0.479973073
1046	0.483350151	0.469298246	0.462651413	0.471894985	0.479138627
1047	0.481668348	0.468592543	0.463768116	0.471717172	0.479082321
1048	0.480174731	0.468728985	0.465249663	0.470230041	0.47859791
1049	0.482665769	0.469202289	0.464802964	0.473400673	0.479609033
1050	0.480523842	0.471774194	0.464249748	0.470667566	0.479447439
1051	0.48063321	0.471774194	0.462962963	0.471221811	0.477104377
1052	0.483013791	0.471755212	0.464045699	0.469656102	0.479313824
1053	0.484022873	0.472072678	0.464717742	0.468760554	0.480846774
1054	0.482828283	0.471577531	0.465813405	0.470707071	0.482805125
1055	0.482118758	0.471380471	0.463250169	0.470151771	0.482503365
1056	0.482979441	0.471063257	0.464405641	0.468665768	0.480782198
1057	0.484348704	0.47092437	0.464694015	0.4667115	0.479138627
1058	0.483361345	0.471736205	0.462133962	0.467948718	0.477732794
1059	0.481357071	0.469243697	0.462756994	0.468171101	0.479082321
1060	0.483164983	0.470013477	0.463660834	0.467204844	0.478863713
1061	0.486213853	0.47039031	0.463685272	0.467812605	0.475597442
1062	0.486223118	0.46926436	0.46485032	0.469119136	0.474233749
1063	0.487739335	0.467584817	0.466868483	0.466914247	0.475067385
1064	0.487394958	0.468163539	0.466195762	0.466621713	0.474764468
1065	0.48839556	0.470528798	0.465476591	0.467453626	0.474924268
1066	0.489411765	0.470746469	0.464779238	0.465499832	0.476736345
1067	0.489576328	0.472268908	0.46597035	0.465744178	0.478759272
1068	0.490927419	0.471241171	0.466509593	0.467409659	0.478802153
1069	0.490413724	0.469422043	0.467383995	0.46572104	0.476494291
1070	0.489747899	0.471539239	0.464129336	0.465610249	0.477135171
1071	0.488858879	0.471717172	0.461150353	0.466779089	0.476783311
1072	0.487722839	0.472727273	0.461202553	0.46597035	0.47665435
1073	0.487205387	0.472409152	0.45998655	0.467523681	0.477441077
1074	0.487058824	0.471241171	0.457940781	0.467204844	0.476591445
1075	0.488387748	0.47037037	0.457855698	0.466441821	0.477088949
1076	0.485849057	0.470528798	0.458459469	0.46797033	0.477104377
1077	0.485052066	0.469875463	0.456653226	0.466173006	0.476367319
1078	0.486185984	0.469579832	0.456902357	0.470528798	0.476783311
1079	0.483827493	0.469518356	0.455828015	0.470548637	0.477601886
1080	0.483860121	0.474056604	0.459495798	0.471380471	0.477295661
1081	0.483838384	0.469579832	0.458192852	0.472091459	0.477280377
1082	0.485896575	0.472268908	0.460397708	0.472072678	0.477150538
1083	0.484858681	0.470410222	0.461176471	0.472137791	0.475950219
1084	0.483372523	0.471615721	0.461227242	0.47254968	0.475050573
1085	0.483838384	0.473843058	0.464357767	0.474393531	0.473524452
1086	0.484879032	0.47357792	0.462340282	0.473364801	0.474358974