0 0.03017241379310345			0.028154542	0.029678483	0.053130148
1 0.029230135858377932			0.028406752	0.031436203	0.055521283
2 0.02858317910754678			0.029176084	0.031185884	0.051450916
3 0.03144912641315519			0.030427632	0.031436203	0.051862523
4 0.03364792778005745			0.033039196	0.032158318	0.052458342
5 0.03317632602908048			0.032490232	0.031230738	0.052956934
6 0.03482179434657927			0.034079245	0.032277961	0.054508197
7 0.037189233614136015			0.034525277	0.034709386	0.056367003
8 0.038817005545286505			0.035051546	0.034128289	0.056390204
9 0.039605992201928994			0.034398034	0.036625514	0.05490438
10 0.04074912533443095			0.035670357	0.038161674	0.053865132
11 0.040543321671125745			0.03549446	0.039819376	0.056720099
12 0.041349516560378524			0.035051546	0.040862423	0.057213418
13 0.04228243021346469			0.036147053	0.042294203	0.057442866
14 0.043085761181780875			0.037044659	0.045314743	0.058206499
15 0.04188051734756724			0.037751334	0.047140808	0.058302431
16 0.0419063270336894			0.039754098	0.048148148	0.059548255
17 0.04188911704312115			0.040623718	0.047012934	0.058847652
18 0.04305925774041419			0.043112297	0.0487554	0.059320288
19 0.043451526952244315			0.043701272	0.049753289	0.062050544
20 0.04610655737704918			0.044093519	0.049331963	0.062101583
21 0.04714080754252921			0.045510455	0.051929392	0.063873485
22 0.04804743406256389			0.045984059	0.051497743	0.062307218
23 0.046659815005138744			0.047131148	0.051213492	0.062153846
24 0.048096602537863284			0.048499794	0.052739585	0.063426689
25 0.04931169098006986			0.050370066	0.052653145	0.06319245
26 0.05094108019639935			0.050505051	0.053475936	0.064337102
27 0.051681706316652996			0.051345245	0.054893092	0.066297209
28 0.054814206528433586			0.051434426	0.054004107	0.06800904
29 0.057365293997131736			0.052902429	0.056045986	0.069695724
30 0.056762295081967215			0.054336682	0.057271426	0.070783751
31 0.058160966618881836			0.056320658	0.057822432	0.07016824
32 0.06058125255832992			0.055714871	0.059161873	0.071399261
33 0.06153846153846154			0.05707247	0.06025825	0.070605187
34 0.06264073694984647			0.055190808	0.061295613	0.070900123
35 0.06427104722792608			0.054859256	0.063293732	0.071002264
36 0.06694129763130793			0.055258833	0.063554093	0.071237939
37 0.06847068470684707			0.05586477	0.0636289	0.071531051
38 0.06865364850976362			0.057629204	0.064860427	0.070520705
39 0.07156038548287882			0.059210526	0.064847117	0.073215751
40 0.07078375051292572			0.062037798	0.065748921	0.076055761
41 0.0698295337851715			0.064350329	0.066652994	0.075944171
42 0.06950994463809719			0.067049416	0.068518519	0.080147965
43 0.07109102116293405			0.067841771	0.069862733	0.083470057
44 0.07088555578385042			0.069085691	0.069995907	0.083692308
45 0.07163323782234957			0.071927661	0.071105631	0.083966331
46 0.07073822743162657			0.0724846	0.071648532	0.086715867
47 0.07103377686796315			0.074468085	0.074119827	0.08877071
48 0.07326082495382721			0.075726566	0.0749079	0.090666118
49 0.07430910951893552			0.076907301	0.076211997	0.087993421
50 0.07509232663110382			0.077948718	0.075626798	0.089604265
51 0.07835897435897436			0.079022989	0.075378943	0.090741121
52 0.08076448828606658			0.080016414	0.078282309	0.091039868
53 0.08365798646709043			0.08136429	0.078941973	0.093075817
54 0.08509763617677286			0.08002456	0.079189687	0.094185094
55 0.08482234545081126			0.079173486	0.079136691	0.09382716
56 0.08521097910692339			0.082853618	0.080270992	0.094925005
57 0.08500614502253175			0.083042854	0.082939848	0.095550543
58 0.08806061847225066			0.083196721	0.083572306	0.096457096
59 0.08736669401148482			0.083435834	0.08432499	0.098280098
60 0.0876689881196231			0.083128079	0.086796315	0.097190896
61 0.0867870332375872			0.084634347	0.089340727	0.098765432
62 0.08873441014107544			0.085807905	0.089194177	0.098810988
63 0.09234234234234234			0.088	0.091487179	0.099158284
64 0.09395559210526316			0.087543465	0.09393628	0.100616016
65 0.09479934479934479			0.088024565	0.094006568	0.102790316
66 0.09680065627563576			0.093066067	0.096224867	0.1042907
67 0.09497435897435898			0.09406953	0.094886014	0.103845363
68 0.09478867459991794			0.095061728	0.095482546	0.106770301
69 0.0986059860598606			0.095814526	0.096264368	0.107421074
70 0.09674113547858168			0.098035203	0.097435897	0.110701107
71 0.09667487684729065			0.0981318	0.097641026	0.112205128
72 0.09744114636642784			0.09956976	0.100575895	0.112889984
73 0.09722222222222222			0.100143354	0.101419461	0.113408393
74 0.09827656955272876			0.102832512	0.101597706	0.112615385
75 0.0993635803736399			0.103321033	0.10518732	0.112820513
76 0.0986059860598606			0.105230769	0.106820049	0.114098092
77 0.09893486276116346			0.107106287	0.106439705	0.117032179
78 0.09975369458128079			0.108512821	0.106666667	0.116622259
79 0.09985676284018825			0.108352144	0.106051282	0.118297176
80 0.10246406570841889			0.10960033	0.107991803	0.119218911
81 0.10174002047082907			0.110152076	0.108450992	0.122251901
82 0.10476775117659096			0.11195407	0.11229727	0.121100164
83 0.10449599671525354			0.113999181	0.113338789	0.123482198
84 0.10614754098360656			0.114215283	0.117430442	0.125
85 0.10698913711826194			0.117574764	0.120032773	0.12548698
86 0.10819133648121536			0.118925569	0.12138016	0.124254269
87 0.11051985264019648			0.119672131	0.120770966	0.126743232
88 0.11170321787251486			0.120098542	0.119705341	0.126974359
89 0.11297584936553418			0.121591142	0.123436539	0.129197379
90 0.1165983606557377			0.121156212	0.124616329	0.129987659
91 0.11786372007366483			0.120590648	0.124590164	0.130685326
92 0.11755068605365554			0.122645373	0.127340053	0.131697342
93 0.118501841997544			0.122900451	0.129667624	0.132153149
94 0.1188382082225404			0.121441737	0.130979265	0.132102564
95 0.11929609167178228			0.12605042	0.131908773	0.134808441
96 0.1226918342224046			0.124539123	0.134591711	0.136316978
97 0.12374307408167454			0.128926299	0.134453782	0.133893787
98 0.12433537832310838			0.129158111	0.135495791	0.136027903
99 0.12627916496111338			0.127980436	0.13796638	0.136140638
100 0.12607274213322436			0.129989765	0.139253486	0.135804998
101 0.129283808742048			0.130372493	0.14089699	0.138086458
102 0.12882051282051282			0.134638923	0.140634596	0.140721016
103 0.12936848559166156			0.133700755	0.140583554	0.142097731
104 0.12941416615635845			0.135406013	0.142067554	0.146371464
105 0.13079130791307914			0.137303049	0.144319345	0.146956344
106 0.1311441974301448			0.13809329	0.143733388	0.14825462
107 0.13310161521161318			0.141424478	0.145118191	0.149415864
108 0.13361980765295683			0.142183979	0.145484266	0.151341388
109 0.1335105295440605			0.144142302	0.14616172	0.152994258
110 0.13427634276342765			0.146271706	0.148285069	0.156365125
111 0.13758458068484725			0.146486376	0.148338121	0.156224406
112 0.13698911480796877			0.146956344	0.150102669	0.157970419
113 0.13723883654240066			0.150143974	0.15027715	0.155860094
114 0.13752818200450911			0.149989769	0.150981997	0.157201646
115 0.13892879129899446			0.151036323	0.153405604	0.157163295
116 0.13997555012224938			0.14993855	0.152570141	0.158346972
117 0.14382298709280886			0.151657798	0.154411765	0.159212146
118 0.14390992835209826			0.152142711	0.153420729	0.161197703
119 0.14588859416445624			0.153138418	0.15673788	0.161698653
120 0.14663658736669402			0.154176026	0.158110883	0.162700041
121 0.14779938587512795			0.157377049	0.158499077	0.162867119
122 0.14799672935404742			0.158844025	0.160980592	0.163432074
123 0.14897540983606558			0.161587237	0.161607875	0.166837677
124 0.1505838967424708			0.161803714	0.163143854	0.168308703
125 0.15077741407528641			0.161957412	0.165028665	0.169501947
126 0.15299425758818705			0.164279869	0.165543989	0.170526747
127 0.15282324058919802			0.167109838	0.167654876	0.171012113
128 0.1554965263588067			0.169155246	0.166939444	0.172124437
129 0.1590069757899056			0.171230078	0.170387057	0.172930787
130 0.1618638871857756			0.172413793	0.169930641	0.17572278
131 0.16469145892930118			0.172611726	0.172611726	0.177472302
132 0.16666666666666666			0.173673469	0.171891006	0.178630025
133 0.16827416375949109			0.170861469	0.172250771	0.180253994
134 0.17056170561705616			0.175302068	0.17373489	0.178234086
135 0.17191977077363896			0.174564103	0.174216028	0.180851064
136 0.17295081967213113			0.175413518	0.175531915	0.181036248
137 0.17491816693944354			0.176627098	0.177505112	0.183162218
138 0.17543500511770727			0.176386331	0.178264429	0.184731578
139 0.17635024549918166			0.176879085	0.179697094	0.186464936
140 0.17659095559648047			0.179067866	0.180720426	0.187115306
141 0.17705990594970353			0.180925092	0.183731862	0.189078218
142 0.17917774596031907			0.181799591	0.185487159	0.190661479
143 0.17691676916769167			0.182432432	0.188088416	0.193456033
144 0.17677181482998772			0.184889435	0.189521081	0.195366954
145 0.17805976258698322			0.185775598	0.191254597	0.196932515
146 0.17902498975829578			0.188112745	0.192598651	0.196835833
147 0.1813715455475947			0.187640679	0.192323397	0.198524892
148 0.18352748824851828			0.188934426	0.193877551	0.201190721
149 0.1838400326463987			0.19173317	0.195381157	0.201678952
150 0.18788501026694046			0.193277311	0.197016146	0.204094166
151 0.19140225179119755			0.196472518	0.197745902	0.206044517
152 0.19222903885480572			0.19554101	0.198896157	0.207728481
153 0.1939171259440702			0.196366605	0.200287003	0.208435708
154 0.1965969659696597			0.197908121	0.201836735	0.21045082
155 0.19758888434818145			0.199591837	0.204666394	0.211183941
156 0.199060841159657			0.199426112	0.206105306	0.21119281
157 0.200734394124847			0.203525313	0.206586214	0.213185459
158 0.20371504388650746			0.205672312	0.209098327	0.213598198
159 0.20286298568507158			0.207199836	0.209601634	0.214752758
160 0.20408997955010225			0.207627983	0.211916462	0.217160368
161 0.20525886669384427			0.209016393	0.212400246	0.217025641
162 0.20708725931995084			0.209022249	0.214970426	0.217817736
163 0.20767817030835206			0.211054248	0.217337716	0.219836401
164 0.20955882352941177			0.211345484	0.218609407	0.221812218
165 0.21253071253071254			0.213540601	0.221700041	0.223449969
166 0.21365773870374158			0.215058151	0.221153846	0.225556236
167 0.21770237121831562			0.215962441	0.224606581	0.225760066
168 0.2183861082737487			0.215890523	0.225634726	0.22685469
169 0.2183861082737487			0.218353134	0.224194206	0.226732267
170 0.22110655737704918			0.219452391	0.224994886	0.226353422
171 0.22092785612098917			0.220863896	0.223986968	0.227524063
172 0.2222222222222222			0.220811143	0.227086743	0.227767509
173 0.22224493968513595			0.223039216	0.229447853	0.229868529
174 0.2219037871033777			0.224810954	0.23130506	0.229622063
175 0.22441025641025641			0.229038855	0.23338106	0.230643514
176 0.223265306122449			0.229715921	0.234186285	0.229793329
177 0.22530046852719496			0.229638702	0.236062896	0.230108407
178 0.22910721565430087			0.230345109	0.239485504	0.230218769
179 0.2282853055385244			0.232876712	0.238912732	0.231727236
180 0.22988975091874234			0.23438138	0.2419652	0.231555283
181 0.23279558913620585			0.234394125	0.243867539	0.232882329
182 0.23419922274493762			0.236159346	0.246835443	0.234908942
183 0.23614506927465362			0.235774016	0.249028828	0.235246069
184 0.2375102375102375			0.238784666	0.246471671	0.237520458
185 0.23773507767784138			0.240138974	0.247755102	0.239942822
186 0.24108416547788872			0.241569589	0.25137727	0.241089717
187 0.24225122349102773			0.242573243	0.251835237	0.242157064
188 0.24367862969004894			0.24423587	0.253007136	0.243817699
189 0.24534097890641			0.247445852	0.255566905	0.242368742
190 0.2448479902060804			0.246326531	0.25617473	0.24668435
191 0.24652493867538838			0.248315295	0.258571429	0.246471671
192 0.24811416921508664			0.248980424	0.261126991	0.247445852
193 0.24683802529579763			0.25066178	0.262244898	0.248773508
194 0.24750864348179785			0.251276813	0.264459432	0.251638002
195 0.24928716904276985			0.252040816	0.263835001	0.252454992
196 0.24897959183673468			0.25382263	0.266204647	0.254593712
197 0.25020391517128876			0.256284488	0.267605634	0.255367001
198 0.25184124386252044			0.258804259	0.267889908	0.259479402
199 0.2537801389456477			0.258866694	0.269215045	0.259865058
200 0.252760736196319			0.260701182	0.270568973	0.258525628
201 0.25501022494887526			0.26122449	0.270999387	0.260086013
202 0.2570788347932369			0.26501839	0.271294021	0.262157744
203 0.25774877650897227			0.264346764	0.269679002	0.264850471
204 0.2606750711671411			0.26684361	0.271003263	0.266434569
205 0.2637272912839355			0.269348581	0.275061125	0.268726975
206 0.26586410936543564			0.269058296	0.276825785	0.27153673
207 0.2684920310584389			0.269889841	0.279273766	0.271089271
208 0.2684017893452623			0.271446078	0.283157038	0.275051125
209 0.26838235294117646			0.271335239	0.283814201	0.275833845
210 0.2675626145387905			0.271675127	0.286354379	0.277152792
211 0.27000610873549175			0.272913257	0.28839486	0.278107721
212 0.2705521472392638			0.27276431	0.287316476	0.277868518
213 0.2684070976952886			0.273507768	0.288997356	0.279036538
214 0.2700715015321757			0.274877651	0.291165068	0.281084386
215 0.27131465957881823			0.27437411	0.289769246	0.280008193
216 0.27144895047890766			0.27404238	0.291002045	0.28142244
217 0.2734518700183936			0.276938776	0.291361043	0.283524121
218 0.27448979591836736			0.276552288	0.290690568	0.28396072
219 0.27597468871198205			0.277868186	0.294249592	0.284165303
220 0.27790246888390124			0.281416291	0.295510204	0.28431172
221 0.28015484922575384			0.28370098	0.296900489	0.286912065
222 0.28135179153094464			0.284868287	0.297517298	0.288426209
223 0.2844616639477977			0.28699369	0.300101937	0.288548057
224 0.2864413680781759			0.288426209	0.298820179	0.290968533
225 0.2864127113465064			0.287665647	0.302339776	0.292254241
226 0.28783563873067536			0.289183673	0.302832688	0.293564862
227 0.2885755160433272			0.289259561	0.304746384	0.295955882
228 0.2906644924582144			0.291912813	0.308164518	0.299284985
229 0.2913096695226438			0.295319845	0.308679707	0.29957204
230 0.29181929181929184			0.296938776	0.309916514	0.302079087
231 0.2928819090352845			0.299673603	0.309446254	0.302844281
232 0.2937461804848238			0.301386623	0.30930564	0.305039788
233 0.2941656466748266			0.302924934	0.309790352	0.306309986
234 0.29726976365118174			0.303931554	0.311812627	0.307268273
235 0.2962962962962963			0.305226623	0.313240703	0.307189542
236 0.2983278955954323			0.305295316	0.314384678	0.309732708
237 0.30059341109064863			0.305786802	0.315682281	0.312346688
238 0.3009609486812513			0.309102016	0.318710467	0.314425627
239 0.3018329938900204			0.307661045	0.31783894	0.318126023
240 0.3057142857142857			0.310541311	0.320358671	0.317123008
241 0.3059183673469388			0.310907238	0.321276163	0.318200409
242 0.30748880748880747			0.310548868	0.32367938	0.318858308
243 0.308679706601467			0.313889455	0.325244698	0.322574055
244 0.3087426125942531			0.312805873	0.325993884	0.321384929
245 0.31150550795593634			0.312042311	0.326426975	0.321691176
246 0.3129445234708393			0.314373089	0.327624873	0.324075965
247 0.31532816958825927			0.314663951	0.330205996	0.323397305
248 0.3178009401185367			0.31635771	0.330751987	0.324913424
249 0.31795918367346937			0.318884819	0.331092095	0.325984895
250 0.31574658789977594			0.321567027	0.332179931	0.324979625
251 0.31718241042345274			0.322278739	0.334013467	0.32595326
252 0.31930541368743615			0.323571283	0.333129957	0.325458248
253 0.31970713849908483			0.323098821	0.33584368	0.326530612
254 0.32020408163265307			0.325922904	0.334758705	0.325576648
255 0.3219751071209957			0.324489796	0.336724313	0.327484187
256 0.32411549410329404			0.327845528	0.338903607	0.32688391
257 0.32559087204563975			0.326797386	0.342845495	0.327684769
258 0.32478110364487883			0.327494908	0.341428571	0.328585961
259 0.32452216348108986			0.330409953	0.341131001	0.331297088
260 0.3255245467508658			0.330079317	0.34310731	0.333945328
261 0.3243188287921919			0.331229642	0.342379106	0.335849827
262 0.3260825371010368			0.333876885	0.343527013	0.337278107
263 0.32587014044372076			0.334895091	0.34507329	0.33877218
264 0.3284433577832111			0.336184077	0.345410136	0.339672802
265 0.33135973866884444			0.335985312	0.348401548	0.338379705
266 0.3335369578497251			0.338298306	0.350296342	0.343679804
267 0.33496332518337407			0.339427179	0.349225754	0.343660823
268 0.3322475570032573			0.34114053	0.351044413	0.345910667
269 0.333400974025974			0.341314935	0.352258852	0.345306122
270 0.3346897253306205			0.342399026	0.352881287	0.347188264
271 0.338013838013838			0.346389229	0.354654716	0.349714519
272 0.3402312842361534			0.345550804	0.355673253	0.350580566
273 0.34134419551934825			0.346286877	0.355777055	0.353025348
274 0.3430433896924017			0.347383425	0.357841141	0.356122449
275 0.34486970684039087			0.346880715	0.358828316	0.355252443
276 0.34466612377850164			0.346756152	0.358175524	0.35798696
277 0.34503162619873495			0.347666599	0.358467495	0.358190709
278 0.34405537459283386			0.348851393	0.359772219	0.360562233
279 0.34541013637288825			0.348931841	0.362082994	0.36086249
280 0.3460285132382892			0.350010169	0.363414137	0.361411381
281 0.34633449050439047			0.350253807	0.364859356	0.36030161
282 0.3459580533496233			0.351301871	0.364043116	0.360929853
283 0.3482506102522376			0.350702219	0.367722165	0.361524353
284 0.3484787018255578			0.352965152	0.366965012	0.360732452
285 0.3489413680781759			0.353586669	0.366449511	0.361303462
286 0.3499796167957603			0.352427382	0.367201788	0.36437742
287 0.3503560528992879			0.353886854	0.369843528	0.364562118
288 0.3519723464823099			0.35537022	0.368709416	0.365545362
289 0.3551534864809921			0.356228409	0.370694926	0.368066884
290 0.3574190922043558			0.357826175	0.372050448	0.368849126
291 0.3578990228013029			0.358828316	0.374236874	0.370106036
292 0.36087929981681255			0.360228199	0.375228798	0.370189371
293 0.36280114332380564			0.359813084	0.374923672	0.370642202
294 0.36363636363636365			0.362433862	0.377258883	0.371510088
295 0.36593317033414835			0.361840766	0.376705355	0.373496432
296 0.3656655844155844			0.364562118	0.378840285	0.374031798
297 0.3682713792403006			0.364504981	0.381262729	0.374493106
298 0.36991042345276876			0.363969093	0.381795968	0.374440374
299 0.3683995922528033			0.367509172	0.383441823	0.377442997
300 0.3706949256164663			0.367243133	0.385429385	0.379759723
301 0.369701886027175			0.368688925	0.38745687	0.380700326
302 0.3691275167785235			0.370362821	0.388877572	0.380777846
303 0.36927772126144454			0.369715447	0.389193581	0.38225117
304 0.37002437043054426			0.371295168	0.389930697	0.382658254
305 0.369821283509342			0.373119154	0.390472313	0.382514775
306 0.37073170731707317			0.373883022	0.391251272	0.38232899
307 0.3732193732193732			0.375050875	0.393896236	0.383458647
308 0.37591537835638733			0.378175168	0.393569394	0.384348889
309 0.37639877924720244			0.380507614	0.394179894	0.385632886
310 0.37846655791190864			0.381418093	0.396053702	0.385993485
311 0.3780264496439471			0.382538071	0.396188159	0.388741587
312 0.38013002844372207			0.38338074	0.397315982	0.387800898
313 0.38264580369843526			0.386007728	0.397641797	0.39049167
314 0.38268839103869656			0.386433082	0.399348667	0.39168357
315 0.3836145558040252			0.386913229	0.398940505	0.395723014
316 0.38286642306130736			0.384709231	0.399104963	0.396453322
317 0.38657171922685657			0.387136169	0.4	0.397355036
318 0.38643308209411287			0.388956805	0.400934769	0.397634584
319 0.3859005704971475			0.390030519	0.400488898	0.400653461
320 0.3875763747454175			0.39230456	0.399064851	0.398900428
321 0.3892849867590141			0.392922514	0.399225596	0.400447883
322 0.3914902280130293			0.391330891	0.399633923	0.401752956
323 0.3927916921197312			0.39210901	0.402735252	0.401140297
324 0.3941427699816962			0.392371678	0.40203252	0.403857868
325 0.3949989835332385			0.392958893	0.403416023	0.402202733
326 0.39678992279561154			0.393495935	0.405575906	0.402766477
327 0.3942346731628096			0.396049684	0.407972341	0.403665988
328 0.39650619540930326			0.394420688	0.407723577	0.404528764
329 0.39613428280773144			0.39824633	0.408813972	0.404120767
330 0.3968253968253968			0.397685749	0.410594682	0.407097695
331 0.39609993906154783			0.398943733	0.41199187	0.40509165
332 0.3963835839089801			0.400081235	0.413449817	0.408794788
333 0.3959731543624161			0.400366375	0.411860276	0.410485674
334 0.3984565393988627			0.400366002	0.414475025	0.411513426
335 0.3990228013029316			0.402235772	0.413420355	0.408628409
336 0.39987802398861555			0.403826583	0.414837398	0.410292921
337 0.4011805414207205			0.404960358	0.414649034	0.409702405
338 0.4029363784665579			0.404583249	0.416395443	0.408757637
339 0.403822692151281			0.404505784	0.416632778	0.411848534
340 0.40439381611065905			0.408656777	0.416853246	0.413779046
341 0.4051355206847361			0.409072417	0.419808437	0.412016293
342 0.406827880512091			0.410783316	0.419341731	0.415918367
343 0.40737721622172407			0.410412853	0.418581012	0.41363174
344 0.4068727124847499			0.411142741	0.422646879	0.41520587
345 0.4095895977245022			0.412171789	0.422552412	0.415378356
346 0.4122308004876067			0.41366687	0.425899573	0.417956026
347 0.41401792991035047			0.414276998	0.427961796	0.418860992
348 0.411214953271028			0.415450122	0.429963459	0.417886179
349 0.4113936927772126			0.415362731	0.430985342	0.417834654
350 0.4122789184793657			0.416073245	0.431328728	0.420130399
351 0.41210022407822366			0.414045058	0.432030932	0.418993275
352 0.4131054131054131			0.41515952	0.43319097	0.42125663
353 0.4140322251682643			0.415025381	0.432113821	0.421738245
354 0.41514041514041516			0.416904277	0.432525952	0.423507843
355 0.41724137931034483			0.41729247	0.433969931	0.423780488
356 0.41883645240032547			0.419001218	0.436674121	0.424913635
357 0.41810783316378436			0.419532045	0.437969543	0.426239543
358 0.4185147507629705			0.421725888	0.439877925	0.427204235
359 0.4177343908887533			0.424557117	0.439138387	0.427726809
360 0.41861410282462913			0.423859935	0.439585028	0.427757428
361 0.41892166836215666			0.42447652	0.440187487	0.430374593
362 0.4235941320293399			0.426913681	0.43976394	0.43110477
363 0.4234673162809582			0.429151441	0.439014457	0.430813124
364 0.42525930445393534			0.429094608	0.441368078	0.43247654
365 0.42714895346474296			0.429967427	0.441505595	0.435198372
366 0.42767039674465923			0.428571429	0.442542787	0.434552846
367 0.4295002031694433			0.431045019	0.441278241	0.43602282
368 0.4295329390169284			0.431062449	0.442413163	0.437080707
369 0.4286294416243655			0.432426948	0.444737911	0.43808554
370 0.43069407693873396			0.434791455	0.445437919	0.437741215
371 0.42947154471544713			0.433597722	0.446435845	0.434446254
372 0.4330756712774613			0.433380653	0.446769606	0.435762127
373 0.43324527535053853			0.433969931	0.448738812	0.435136234
374 0.4356415478615071			0.434632562	0.448809281	0.436877414
375 0.43615290768605125			0.43783015	0.448135317	0.440195281
376 0.4364708274039439			0.439430894	0.448465135	0.439714868
377 0.4369287020109689			0.438806576	0.448500918	0.43985345
378 0.4386465552384835			0.441642944	0.450916497	0.442135289
379 0.43552311435523117			0.441445098	0.450578445	0.444557477
380 0.43893517577728103			0.443653377	0.450641156	0.446934202
381 0.44121236777868184			0.443497667	0.453711256	0.44795274
382 0.4390144573406638			0.444354184	0.45203252	0.445599022
383 0.44078144078144077			0.442299878	0.454674797	0.445325203
384 0.4406262708418056			0.443992681	0.452734296	0.445167854
385 0.4401865369018654			0.443543483	0.45445303	0.44872579
386 0.44125432702097334			0.443566363	0.455526155	0.445956928
387 0.44249949114593934			0.445731707	0.456609895	0.445841785
388 0.442225392296719			0.443607492	0.457713471	0.448282869
389 0.4421672077922078			0.444038188	0.45735803	0.447164423
390 0.44363341443633414			0.444534742	0.455709061	0.44900447
391 0.4450761421319797			0.446994314	0.456870306	0.448514449
392 0.445413961038961			0.447245375	0.458341821	0.451383238
393 0.4471280698193627			0.44898374	0.458799593	0.450761421
394 0.44819179195449005			0.450498069	0.459882186	0.45177665
395 0.4493606657195048			0.450273445	0.461788618	0.453194953
396 0.4481707317073171			0.450988384	0.462568472	0.452380952
397 0.4491663277755185			0.453344176	0.461804145	0.453750762
398 0.4472024415055951			0.453083656	0.464481987	0.456140351
399 0.44871794871794873			0.45296026	0.463726885	0.455693624
400 0.450274557657108			0.454582402	0.467371417	0.457206749
401 0.4530995106035889			0.457909719	0.465906778	0.457020931
402 0.45521023765996343			0.458780636	0.46696483	0.45995935
403 0.4565746753246753			0.459129728	0.468050468	0.460569106
404 0.45648637657584384			0.461085145	0.46935451	0.458849827
405 0.45698596705308114			0.461100955	0.470264766	0.458833096
406 0.4558044806517312			0.46183516	0.470169008	0.462619678
407 0.45940996948118007			0.463196421	0.468591177	0.463647441
408 0.45713703929953164			0.463474026	0.46942921	0.464685528
409 0.4570732697381774			0.464597281	0.471962617	0.464227642
410 0.4610693230331368			0.467358145	0.472171254	0.465408805
411 0.4613349613349613			0.465950547	0.470671808	0.466029292
412 0.46250762040235727			0.467532468	0.471332381	0.466300143
413 0.46150721105017267			0.467614213	0.47088659	0.46700611
414 0.46167920309005894			0.469379451	0.472109121	0.467617108
415 0.4599756196668021			0.468565615	0.47397316	0.467778004
416 0.46233502538071064			0.467316281	0.47397316	0.469163444
417 0.46160081053698077			0.469155844	0.475040584	0.469329529
418 0.46294416243654823			0.470695971	0.478021978	0.47008547
419 0.4626320064987815			0.46964467	0.480170836	0.468145736
420 0.4635437881873727			0.469835466	0.478798945	0.468387884
421 0.4635680941749543			0.470075066	0.48196454	0.47107943
422 0.46654464104128535			0.472306756	0.481105242	0.474004874
423 0.4656643640796424			0.473041709	0.481655116	0.474283391
424 0.4681282988225741			0.473994311	0.482338611	0.474207961
425 0.46954573232837643			0.475582573	0.4830181	0.474325147
426 0.4693214140593255			0.475306122	0.483556638	0.475193168
427 0.47065989847715733			0.475167241	0.483451777	0.474624442
428 0.4703020474356375			0.47566687	0.483200977	0.474572823
429 0.47315096251266464			0.476973017	0.484047958	0.474648748
430 0.47248730964467006			0.475609756	0.483825025	0.475696563
431 0.47379114181227144			0.476529161	0.483746445	0.475929311
432 0.4717823792123427			0.476595745	0.484120521	0.478030919
433 0.47254981699878			0.47574589	0.485126324	0.479918451
434 0.47135310849248274			0.477207977	0.486453453	0.480138521
435 0.4727752945956928			0.474689978	0.486887579	0.478861789
436 0.4741869918699187			0.478005271	0.487998373	0.479983743
437 0.47503566333808844			0.478649858	0.488613257	0.482113821
438 0.4745417515274949			0.479276717	0.491127881	0.48171475
439 0.4758999389871873			0.480812183	0.491866612	0.483621567
440 0.47564935064935066			0.480593375	0.492889069	0.486133768
441 0.4750405844155844			0.483719984	0.493501219	0.484848485
442 0.4767418240910014			0.484947111	0.495424039	0.486277699
443 0.47548622366288495			0.485488127	0.495212874	0.486635381
444 0.4805775879601383			0.48699187	0.497052246	0.487998373
445 0.47856997765590087			0.485987002	0.497153314	0.490750152
446 0.48148148148148145			0.485353946	0.497356649	0.489721148
447 0.4824721377912867			0.486871565	0.498267074	0.491769965
448 0.4834383255435887			0.486689697	0.498067141	0.491384553
449 0.48465135190079284			0.488689627	0.49796748	0.491956832
450 0.48679935012185216			0.488324873	0.498578969	0.493591048
451 0.48691418137553255			0.489137056	0.49989856	0.494206139
452 0.48749237339841367			0.490942398	0.500305312	0.494590733
453 0.48892501524080473			0.492385787	0.498778999	0.494715447
454 0.487993487993488			0.492208055	0.499594814	0.49531759
455 0.489924689599023			0.49259785	0.499796583	0.493902439
456 0.4881218274111675			0.491673436	0.499085923	0.497350183
457 0.48869423507842735			0.491859992	0.500202675	0.495936611
458 0.4883201300020313			0.496648385	0.500710371	0.497046242
459 0.4889474751571689			0.495537525	0.501723089	0.495726496
460 0.4890288500609508			0.496443812	0.503147208	0.494512195
461 0.4875076173065204			0.49817296	0.503673469	0.495537525
462 0.4894437677628908			0.498278307	0.502948953	0.49664293
463 0.4881218274111675			0.49767065	0.50487013	0.496442366
464 0.4902359641985354			0.49928934	0.505087505	0.49898084
465 0.49055837563451776			0.499898312	0.504669103	0.49877601
466 0.4903317728475473			0.500914077	0.507535642	0.498372661
467 0.49055070107701687			0.502035002	0.505177665	0.498174442
468 0.48995739500912966			0.500203004	0.505791506	0.498474059
469 0.4917532070861332			0.502035831	0.505877584	0.499898022
470 0.4937043054427295			0.502338824	0.506197927	0.499796334
471 0.49207639171068673			0.502441009	0.504473363	0.501528429
472 0.49490419894007337			0.503252033	0.505102041	0.503047542
473 0.4926829268292683			0.504177705	0.505494505	0.50203832
474 0.49461272616385443			0.504670999	0.504167514	0.504174303
475 0.49463019250253293			0.503850831	0.503554743	0.504872107
476 0.4951239333604226			0.505800936	0.504980687	0.503249391
477 0.4960390006093845			0.506406345	0.504475183	0.503960999
478 0.4959366111336855			0.507923608	0.506105006	0.505789153
479 0.4984765386959171			0.507701662	0.506720978	0.505810398
480 0.4995943204868154			0.509242332	0.507320049	0.504273504
481 0.49928818385194224			0.510340633	0.509453141	0.507717303
482 0.49928847326692416			0.511793412	0.510461101	0.507305195
483 0.5006090133982948			0.511580658	0.509138911	0.507623501
484 0.49908666531357826			0.511372868	0.511074985	0.508326564
485 0.5004061738424046			0.510038532	0.512930157	0.509353396
486 0.5016214025131739			0.512378247	0.514911747	0.510473866
487 0.5021319796954314			0.51056052	0.514837398	0.51037851
488 0.5027388922702374			0.510677242	0.515618661	0.50946854
489 0.5023302938196555			0.510569106	0.515847217	0.512195122
490 0.5038617886178862			0.51097561	0.515834348	0.514831369
491 0.5043601703508416			0.511779041	0.515212982	0.515945562
492 0.5048760666395774			0.514622258	0.515120763	0.515704154
493 0.5076142131979695			0.513672271	0.512909128	0.515768057
494 0.5076049482863516			0.51550152	0.511764706	0.516805867
495 0.5085331166192605			0.513832384	0.512472115	0.518812284
496 0.5111834078893859			0.515644047	0.512413512	0.518413021
497 0.5113544201135442			0.516904277	0.5132887	0.518804635
498 0.5092235961889316			0.516056911	0.513441955	0.518812284
499 0.5120861263457241			0.516233766	0.514123146	0.518231819
500 0.5112598904443092			0.515108497	0.515853659	0.519788918
501 0.5123983739837399			0.517136483	0.513908629	0.519886364
502 0.5134037367993501			0.515768057	0.514012998	0.522579333
503 0.5126221498371335			0.516338543	0.517353359	0.522251575
504 0.5119675456389452			0.515212982	0.518714402	0.520341741
505 0.5135792460478313			0.515398735	0.51848091	0.521615588
506 0.5118733509234829			0.517024726	0.519585955	0.52209326
507 0.51371672424304			0.51703854	0.519000203	0.523265306
508 0.5124135124135124			0.516037353	0.519187817	0.525447883
509 0.511165245635404			0.515952042	0.518984772	0.524263959
510 0.5106512477175897			0.518668831	0.518226002	0.525157873
511 0.5104738661785642			0.520113775	0.516253555	0.52539618
512 0.5107679804957335			0.519804997	0.51994302	0.527952836
513 0.5114674243961843			0.519723465	0.519593909	0.530296869
514 0.5107811228641171			0.521659919	0.519195612	0.528873526
515 0.5092310813552444			0.523635626	0.519422412	0.529352021
516 0.5098477157360406			0.525344688	0.519837233	0.526711355
517 0.5106642291285801			0.523489933	0.519699431	0.526444264
518 0.5114720812182741			0.524234435	0.521218274	0.525055792
519 0.5129975629569455			0.526294416	0.521783388	0.526999594
520 0.5141002231689998			0.52908869	0.5219423	0.527608607
521 0.5124034160227735			0.529793271	0.521906694	0.528504768
522 0.5138748227668625			0.52838605	0.523828838	0.529112378
523 0.5146281999187322			0.529459569	0.524021893	0.530034616
524 0.5151207631418713			0.529101602	0.523857868	0.529375765
525 0.5153175086224386			0.529280195	0.52465003	0.531351792
526 0.5159132373809041			0.530343008	0.524323224	0.529495525
527 0.5141288879853628			0.530213632	0.526262421	0.530678586
528 0.5169749949176662			0.529747351	0.52643351	0.53095723
529 0.5157232704402516			0.530417091	0.525771104	0.528635256
530 0.5163451776649746			0.530748934	0.526925422	0.530429473
531 0.5165080008102086			0.530603972	0.52595296	0.531052739
532 0.5160963757845718			0.529662739	0.525695714	0.532139951
533 0.5168220510741791			0.531465692	0.526475959	0.532330216
534 0.5176613885505481			0.530210868	0.52688172	0.53487429
535 0.5177448793348205			0.531516877	0.52950753	0.534689725
536 0.5179622488329613			0.531599268	0.531555375	0.536137199
537 0.5175349685789581			0.532343369	0.530558376	0.536728896
538 0.5179987797437462			0.531034483	0.531059683	0.536897743
539 0.517479674796748			0.530272247	0.530438312	0.539618041
540 0.5193908629441625			0.531478473	0.529387838	0.537820252
541 0.519301097114994			0.530115595	0.529531155	0.538835936
542 0.5197889182058048			0.529567161	0.528478438	0.540733198
543 0.5215359609914669			0.53125	0.529829545	0.539963392
544 0.5216771829839202			0.533739837	0.529567161	0.541013637
545 0.5220215141059468			0.533779671	0.530438312	0.539511202
546 0.5217038539553752			0.532926829	0.52990236	0.54004065
547 0.5219422998780984			0.534307755	0.529997966	0.541090317
548 0.5215622457282343			0.534765863	0.52891053	0.538399025
549 0.5214213197969543			0.536446701	0.527845528	0.540853659
550 0.5231613165379927			0.536743808	0.527523868	0.538789602
551 0.5241771637545714			0.537789516	0.528730964	0.54153909
552 0.525065963060686			0.536610032	0.529184462	0.541505201
553 0.5234708392603129			0.536837832	0.528696005	0.542403905
554 0.523664432256754			0.537010748	0.528635256	0.54096361
555 0.5242738167783871			0.537743506	0.529447604	0.543106954
556 0.5241673436230707			0.538555443	0.530533577	0.540980273
557 0.5230737954868876			0.536069904	0.531516877	0.542328042
558 0.5237708248679399			0.535308442	0.532208901	0.542682927
559 0.524380333197887			0.536372847	0.531535186	0.541743213
560 0.5240228013029316			0.535786905	0.530748934	0.540743751
561 0.5234517766497462			0.536709376	0.530964467	0.541810783
562 0.5254202957261495			0.536249494	0.531910569	0.54114053
563 0.526604386677498			0.536278881	0.530558376	0.541852905
564 0.5258025193010971			0.537619144	0.530318394	0.540166768
565 0.524613506916192			0.538055612	0.530330696	0.543014033
566 0.5256852791878173			0.539056143	0.533103168	0.543770358
567 0.527789046653144			0.540584416	0.531927833	0.544123627
568 0.5274792131413506			0.54096361	0.533116619	0.543806031
569 0.5278961249746399			0.540194884	0.531357824	0.543517955
570 0.5260268401789345			0.540683483	0.533306255	0.543177189
571 0.5262729124236253			0.539227642	0.532235103	0.543363192
572 0.5258445258445258			0.540611708	0.531180175	0.543252595
573 0.5258568241735956			0.538883249	0.531154861	0.543531326
574 0.5276932440657334			0.540727199	0.533604888	0.544845779
575 0.5261125787441577			0.540946962	0.531288094	0.544512195
576 0.5249695493300852			0.542903619	0.530330696	0.544679123
577 0.5264120276310443			0.542021924	0.530343008	0.542200529
578 0.526145115524929			0.541396104	0.531871701	0.542369437
579 0.5258235054900366			0.543738583	0.530508818	0.541827804
580 0.5261663286004057			0.542787781	0.53299389	0.541293735
581 0.5264012997562957			0.543460601	0.530413625	0.541063786
582 0.5266788395212011			0.54292673	0.531262688	0.539149888
583 0.5281104120154252			0.544827586	0.531940783	0.538774679
584 0.5269339813689753			0.543998378	0.530558376	0.537459283
585 0.5259845716605765			0.544733632	0.52904143	0.538868539
586 0.5245635403978888			0.546136686	0.529878049	0.541233965
587 0.5269144830387975			0.54473524	0.531288094	0.541514042
588 0.5261239368165249			0.544329479	0.530401297	0.541166904
589 0.5276422764227642			0.543738583	0.531281636	0.541683611
590 0.5264012997562957			0.545676005	0.531116967	0.543287839
591 0.5269144830387975			0.542828077	0.532454361	0.5408869
592 0.5282290820471162			0.544290939	0.532873377	0.54397725
593 0.5288852725793328			0.542833942	0.532900081	0.543531326
594 0.5269144830387975			0.542029573	0.532048682	0.544991857
595 0.5293281915973209			0.542073171	0.530781693	0.544439935
596 0.529770371875635			0.542149096	0.530977047	0.546932141
597 0.5283363802559415			0.541980077	0.532385787	0.546102178
598 0.5284552845528455			0.54224924	0.530545971	0.545879009
599 0.5294715447154471			0.542352224	0.531072299	0.549298638
600 0.5305707901685964			0.542451874	0.532626427	0.547928513
601 0.5305832147937412			0.541497152	0.529006085	0.549725442
602 0.5295191722458916			0.541489146	0.529674797	0.549278602
603 0.527907448751776			0.541083384	0.528922265	0.549035533
604 0.5297231270358306			0.543192393	0.530105777	0.547831374
605 0.5309194467046379			0.5438846	0.530616383	0.550203252
606 0.5299735826051616			0.542816558	0.530525031	0.549167005
607 0.530318393834922			0.544512195	0.530761421	0.547914547
608 0.5288266341859521			0.54455245	0.53200569	0.547280844
609 0.5300101729399797			0.544660983	0.532238443	0.546324577
610 0.5319667140247615			0.545066991	0.532736885	0.548282171
611 0.5308892039700223			0.542469086	0.53306288	0.548229548
612 0.5290414297319253			0.543998378	0.532535982	0.54695122
613 0.5297341181246195			0.543738583	0.53326572	0.548596991
614 0.5293879205512768			0.544918699	0.532886724	0.551310709
615 0.5283975659229209			0.543813387	0.53425493	0.552711761
616 0.529997966239577			0.545509955	0.533238752	0.548832487
617 0.5299959464937171			0.546100731	0.533984534	0.547139076
618 0.5303800040642146			0.545786802	0.531452922	0.547430429
619 0.5304136253041363			0.546266234	0.533184494	0.547208122
620 0.5306163828061639			0.546862266	0.531979695	0.54946171
621 0.530140044651918			0.547580317	0.532641855	0.549083503
622 0.5291607396870555			0.548295455	0.533279221	0.549087221
623 0.5281104120154252			0.547387606	0.532087734	0.549310065
624 0.528554070473876			0.546358288	0.533509342	0.550213025
625 0.5295551492992078			0.546878178	0.536308316	0.549705225
626 0.5288266341859521			0.548367471	0.537195122	0.550244101
627 0.5278342137342543			0.546230441	0.537710917	0.550365556
628 0.5283248730964467			0.544918699	0.538320797	0.55106599
629 0.527789046653144			0.543720836	0.54002438	0.54964467
630 0.5280601870679138			0.546230441	0.540803898	0.550142103
631 0.5294715447154471			0.542276423	0.541353383	0.548787941
632 0.5291252283336716			0.543089431	0.540129712	0.55106599
633 0.5300935339568931			0.543500304	0.538461538	0.550406504
634 0.5309896362527942			0.543425325	0.538149351	0.549615229
635 0.5304754164973587			0.54414451	0.536897743	0.548636549
636 0.5299492385786801			0.541353383	0.537555826	0.549218591
637 0.5298416565164433			0.544329479	0.535162602	0.549858127
638 0.5309842041312273			0.543663688	0.534524777	0.547488306
639 0.5309518977065151			0.543628247	0.532657201	0.545509955
640 0.5297099979720138			0.542486311	0.535445866	0.546750866
641 0.5308566788469347			0.543905901	0.534252128	0.5473427
642 0.530225931202931			0.544421907	0.536555646	0.548485465
643 0.5308066477503041			0.544973545	0.537383178	0.545786802
644 0.5317895592118627			0.544237013	0.538368091	0.546414788
645 0.5296989422294548			0.544457978	0.538149351	0.545989848
646 0.5295905958654236			0.543553299	0.537258883	0.544034091
647 0.5309393386082369			0.543315074	0.535222672	0.544514297
648 0.5314343845371312			0.543962723	0.535670855	0.545916294
649 0.5324121113594797			0.542376318	0.535757822	0.546286877
650 0.5317766497461929			0.541683611	0.534118603	0.546561169
651 0.5310022362268754			0.54198783	0.534552846	0.546119464
652 0.5320356853203568			0.542427933	0.533292732	0.547503045
653 0.5301155952139526			0.541675117	0.535148314	0.54754165
654 0.529770371875635			0.540644638	0.53593179	0.546580069
655 0.5307739183424741			0.539698697	0.534213198	0.546935451
656 0.5301522842639594			0.543620057	0.536387594	0.546821044
657 0.5305088181633895			0.544863987	0.53436043	0.54754165
658 0.5301741595787768			0.542810657	0.536382114	0.549035533
659 0.5311675126903553			0.544147428	0.536491157	0.546709992
660 0.5323433685923515			0.546024681	0.534388314	0.546769921
661 0.5304047183241815			0.544090817	0.535119773	0.545269583
662 0.5294715447154471			0.543239951	0.532994924	0.547536996
663 0.5290532303941488			0.543888101	0.533779671	0.546598985
664 0.5288128690694359			0.541412911	0.534765863	0.545583756
665 0.5308066477503041			0.539837398	0.531383303	0.546878178
666 0.5287309644670051			0.541353383	0.532507111	0.54770605
667 0.528719301806373			0.541193182	0.535866694	0.546525803
668 0.530318393834922			0.541454471	0.535728786	0.546672078
669 0.5299735826051616			0.541472318	0.534079349	0.547391922
670 0.5311043566362715			0.54264197	0.535308442	0.545602275
671 0.5315992684413737			0.544901683	0.535077048	0.544956363
672 0.529817444219067			0.543059777	0.53319797	0.545989848
673 0.5288870869653355			0.541303024	0.535946385	0.545399023
674 0.5271176112126752			0.541675117	0.534279919	0.546119464
675 0.5266896691698802			0.541759805	0.53568532	0.546582587
676 0.526497461928934			0.541692027	0.535902637	0.544789762
677 0.5255474452554745			0.540255526	0.53695785	0.545934959
678 0.5251623376623377			0.542056075	0.535525782	0.545638945
679 0.526529782476113			0.542183371	0.535634518	0.545602275
680 0.5259093680146312			0.544751831	0.535837563	0.545712548
681 0.5253755582622818			0.544442195	0.535176901	0.543734744
682 0.5253549695740365			0.545196595	0.534402273	0.544252289
683 0.5275350538508433			0.544791244	0.533319789	0.544844417
684 0.5297220531547981			0.545048701	0.534388314	0.543998378
685 0.5289943227899432			0.543813387	0.534510759	0.542579075
686 0.5284437220642015			0.543888101	0.532588832	0.544120644
687 0.5287798946088367			0.54508612	0.533887987	0.543756345
688 0.5300568643379366			0.544514297	0.53247016	0.545251169
689 0.5298780487804878			0.542386664	0.533008328	0.543054427
690 0.5275015222244773			0.542903619	0.531643002	0.544180378
691 0.5270325203252032			0.543628247	0.534118603	0.545196019
692 0.5278003246753247			0.544698966	0.533929297	0.543845371
693 0.5283975659229209			0.543019481	0.533954997	0.543738583
694 0.5288617886178861			0.543204868	0.53493095	0.54182702
695 0.5282904076252282			0.542352224	0.535757822	0.542572648
696 0.5272764145203812			0.543071922	0.536090835	0.543327909
697 0.5265190002032107			0.54231784	0.535431472	0.545232771
698 0.5262624214155344			0.541312272	0.535119773	0.545583756
699 0.5261663286004057			0.541708951	0.536228943	0.547043284
700 0.5257920389926889			0.542561816	0.534945144	0.546871836
701 0.5242246097709304			0.541405143	0.535648995	0.547250509
702 0.5230363304241932			0.543513623	0.534227097	0.548708562
703 0.5224969598702878			0.542114877	0.534996957	0.548728383
704 0.5220916092419943			0.542741117	0.535345351	0.549298638
705 0.520900974025974			0.541768045	0.534049453	0.550365556
706 0.5226487913873654			0.542857143	0.532791878	0.550244101
707 0.5215980531332387			0.543959391	0.531694433	0.549928818
708 0.521412624314999			0.542596349	0.532591093	0.549736094
709 0.5191722458916616			0.541877915	0.530977047	0.549147035
710 0.5198863636363636			0.541100061	0.529208925	0.549278602
711 0.5207485760781123			0.54165822	0.530020284	0.548065173
712 0.5209896572703305			0.540239205	0.528455285	0.545786062
713 0.5207401382675885			0.540513029	0.529304401	0.545436105
714 0.5225518082080455			0.539179862	0.528133252	0.543222403
715 0.5221274868047097			0.540117814	0.528588808	0.54376013
716 0.5206896551724138			0.539524487	0.527896125	0.541725888
717 0.5182704019488429			0.539086294	0.528612013	0.542362525
718 0.5194647201946472			0.539008533	0.529638652	0.542328042
719 0.5187436676798379			0.539724362	0.53125	0.540320943
720 0.5212636695018226			0.539195776	0.530666125	0.541083384
721 0.5207401382675885			0.540770791	0.532343369	0.542758481
722 0.5215097402597403			0.540502228	0.530628803	0.543350254
723 0.5194382251170364			0.540255526	0.531676513	0.542723767
724 0.5182038834951457			0.540458325	0.532061688	0.542775859
725 0.518052738336714			0.541033435	0.531599268	0.541013637
726 0.5178716490658002			0.538539554	0.53035533	0.539385304
727 0.5182555780933062			0.536793027	0.532009724	0.539572737
728 0.5190824198132359			0.537398374	0.531720211	0.540101523
729 0.5188046350884326			0.538274112	0.529817444	0.538868539
730 0.5198944376776289			0.537386018	0.529280648	0.538633591
731 0.5183681753602598			0.537758831	0.529148893	0.537898801
732 0.5171713066449909			0.537116128	0.530093534	0.53950843
733 0.5171713066449909			0.538492789	0.528493206	0.539866099
734 0.5188488042156465			0.537664975	0.528658537	0.539369278
735 0.5168220510741791			0.536600244	0.526337115	0.537461929
736 0.5174300770166194			0.536025979	0.528359423	0.538289661
737 0.5183075671277462			0.535279805	0.527930124	0.540803898
738 0.5174512987012987			0.533184494	0.526283743	0.540468909
739 0.5165549461710339			0.534346505	0.525685279	0.536713996
740 0.5174300770166194			0.533198381	0.524933849	0.540700041
741 0.5164366883116883			0.53359042	0.52515213	0.537195122
742 0.5164500406173842			0.531841302	0.526080779	0.537712895
743 0.5160373528217621			0.532087734	0.525238192	0.539350913
744 0.514801297648013			0.53045067	0.525654026	0.537555826
745 0.5151023717818771			0.532954776	0.52601626	0.537243759
746 0.5147952979327118			0.532087734	0.523799837	0.538133874
747 0.5162337662337663			0.532372641	0.524293556	0.537898801
748 0.5174583840844499			0.534332591	0.523848183	0.537055838
749 0.514825345247766			0.533144131	0.521871821	0.536882747
750 0.514459049544995			0.533996347	0.521332792	0.536055251
751 0.5164167004458857			0.532182741	0.519886364	0.535365854
752 0.5164567249085737			0.53294022	0.522824102	0.53495935
753 0.5172694026818366			0.532070861	0.523123732	0.534836482
754 0.518338399189463			0.531509625	0.523170732	0.534405537
755 0.5153721682847896			0.531725117	0.523567655	0.535786905
756 0.5164567249085737			0.53125	0.523510336	0.534388314
757 0.5133048953889905			0.532641855	0.523383489	0.534051637
758 0.5144883485309018			0.532369707	0.524476945	0.533455359
759 0.5141174080845013			0.531059683	0.523345514	0.534349593
760 0.5150223304912708			0.530641234	0.522233503	0.533807107
761 0.513184584178499			0.531396058	0.523258176	0.535148314
762 0.512363194162951			0.531054016	0.523616461	0.533753558
763 0.5129922858302882			0.530699088	0.52284264	0.533130081
764 0.5128309572301426			0.530438312	0.522482197	0.532113821
765 0.5128934010152284			0.53149686	0.522542648	0.532385787
766 0.5128829377155609			0.530869212	0.523413744	0.531230926
767 0.5118078175895765			0.530608094	0.5211667	0.532750203
768 0.5139086294416244			0.52911341	0.522109533	0.532900081
769 0.5139142799106236			0.52904143	0.520097442	0.532303941
770 0.5137931034482759			0.52965069	0.521615588	0.531612116
771 0.5120910384068279			0.529686865	0.524157531	0.530512612
772 0.5122693165686474			0.525482234	0.524467005	0.532048682
773 0.5119724025974026			0.527158492	0.523142509	0.532493907
774 0.5107505070993915			0.527907449	0.523857868	0.532398944
775 0.5111516626115167			0.526433057	0.523896685	0.53253355
776 0.5112507601864991			0.525898842	0.523413744	0.531733116
777 0.5107548701298701			0.52646522	0.523220442	0.53200569
778 0.5113590263691684			0.525760649	0.524796748	0.531465692
779 0.5100671140939598			0.525482234	0.523083181	0.530115595
780 0.5103406326034063			0.526390581	0.523751523	0.531009323
781 0.5097521332791548			0.524756494	0.523267629	0.530069078
782 0.5095528455284553			0.525557809	0.522473053	0.531910569
783 0.5108585346052364			0.525867316	0.519430315	0.531802479
784 0.5096564342346005			0.525131739	0.519504267	0.531084925
785 0.5089394555058919			0.525729335	0.518766484	0.528635256
786 0.5099351175993512			0.526198213	0.517485345	0.527608607
787 0.5107548701298701			0.52474645	0.519359416	0.526604387
788 0.5096134385751873			0.523076923	0.517773715	0.526315789
789 0.5096446700507614			0.522109533	0.517262388	0.524109868
790 0.509430135875076			0.523944805	0.519203414	0.526230175
791 0.5096290289884452			0.522718053	0.518789356	0.525962126
792 0.5101502233049127			0.523876973	0.518812284	0.525382263
793 0.5091093117408907			0.524196828	0.516666667	0.526936369
794 0.5057727364796435			0.522312373	0.518074736	0.527698574
795 0.5067965104483668			0.52195122	0.519699431	0.527365209
796 0.5061928934010153			0.522551808	0.519480519	0.528179044
797 0.5051839804838382			0.522657996	0.519059205	0.530223124
798 0.506288032454361			0.520947177	0.51945683	0.531478473
799 0.5081333875559171			0.518676411	0.518894758	0.529853777
800 0.5069937157916076			0.517962249	0.519934906	0.528574334
801 0.5073051948051948			0.519180028	0.51916447	0.527213647
802 0.5078045813906346			0.518135765	0.519707436	0.528646892
803 0.5077141697117337			0.516947433	0.51848091	0.528861789
804 0.5090245386331373			0.518277823	0.519105691	0.52905323
805 0.5082033623658092			0.517744879	0.521624365	0.529662739
806 0.5090465541776784			0.517933131	0.519375127	0.528707649
807 0.5085331166192605			0.517563452	0.518013434	0.52751269
808 0.5080170489141466			0.517584875	0.517730496	0.526572008
809 0.5108585346052364			0.516030844	0.517073171	0.525534079
810 0.5111697806661251			0.51725538	0.517437145	0.525661914
811 0.5088289019687436			0.518179972	0.516687017	0.524283682
812 0.5081168831168831			0.518443454	0.513793103	0.523442257
813 0.5078979343863913			0.517577728	0.514221861	0.523916141
814 0.5092310813552444			0.517122594	0.514720812	0.523499491
815 0.5073022312373225			0.518435981	0.511793412	0.524913565
816 0.5065989847715736			0.515821501	0.511377489	0.522127487
817 0.5067992693322508			0.515808675	0.512100875	0.522463915
818 0.5063008130081301			0.515539305	0.509951259	0.522787118
819 0.5057821059038344			0.515945562	0.511481406	0.523586824
820 0.5048681541582151			0.517220421	0.511566558	0.521960146
821 0.5045611189945266			0.516541506	0.510465353	0.521836279
822 0.5049766402600041			0.516849371	0.512482241	0.522012579
823 0.5055814897503552			0.514204545	0.511269036	0.522066301
824 0.5057727364796435			0.513897342	0.511462771	0.521412624
825 0.5062854825628548			0.513123093	0.512195122	0.52
826 0.506205493387589			0.512472115	0.511052525	0.520259319
827 0.5067182410423453			0.509923046	0.51105701	0.519593909
828 0.5053719845935536			0.510162602	0.510944467	0.517520762
829 0.5061928934010153			0.509017224	0.509453141	0.518172589
830 0.5056772100567721			0.512071414	0.509668227	0.51552669
831 0.5035532994923858			0.511656193	0.510067114	0.516083062
832 0.5050751116524563			0.510759237	0.508632947	0.517283449
833 0.5054833468724614			0.510940032	0.508515815	0.515945562
834 0.5051608986035215			0.510245486	0.508020305	0.515761643
835 0.5046709991876523			0.50985572	0.509548964	0.5169819
836 0.504562968971811			0.510880618	0.510042605	0.516286645
837 0.5049725999594074			0.50954121	0.50872211	0.513815522
838 0.5048701298701299			0.509341998	0.509835733	0.514314721
839 0.5031497663076611			0.507917174	0.509131494	0.513304895
840 0.5037532968147698			0.507623501	0.508957655	0.512086126
841 0.5030388978930308			0.507814086	0.508023563	0.51430891
842 0.5056795131845842			0.505772736	0.506388157	0.512081218
843 0.5037578712167378			0.506598985	0.507196432	0.514111675
844 0.5053654585948573			0.507604948	0.505984987	0.511467424
845 0.5043619395414891			0.506390749	0.5049726	0.51199187
846 0.5040567951318459			0.504154002	0.505177665	0.512888167
847 0.5023340775319667			0.504874086	0.504570384	0.512076314
848 0.5021371870547527			0.503248071	0.503756345	0.51349158
849 0.5001013581998783			0.504665314	0.503347535	0.512289255
850 0.5003035822707954			0.505485575	0.505470016	0.513804304
851 0.5011199348401547			0.504159059	0.505586025	0.514430894
852 0.4994930034475766			0.505481121	0.505891914	0.513623424
853 0.4994921795653057			0.504874086	0.50567721	0.515440878
854 0.497462959204384			0.505793861	0.505275974	0.514245014
855 0.49766970618034445			0.507305195	0.505772736	0.514343845
856 0.49969543147208123			0.506902152	0.507608034	0.513902984
857 0.49817073170731707			0.504154002	0.507820435	0.51319529
858 0.4997971602434077			0.505190311	0.507308161	0.512299248
859 0.5006082725060828			0.503338054	0.507016473	0.51106599
860 0.5004048582995951			0.501521607	0.507926829	0.511571255
861 0.5004051863857374			0.500406009	0.505267423	0.512095954
862 0.5004056795131846			0.500610998	0.505269558	0.510794297
863 0.5006092607636068			0.5	0.503045067	0.51075487
864 0.500814332247557			0.499797078	0.502133713	0.510893912
865 0.5006077795786061			0.498476539	0.502437043	0.510357433
866 0.4996959254003649			0.498583569	0.504263094	0.509135201
867 0.4991850040749796			0.499085552	0.501823339	0.510166734
868 0.4997969955339017			0.499089622	0.499288762	0.509748172
869 0.49756888168557534			0.5	0.497771475	0.510556232
870 0.4971602434077079			0.5	0.497867154	0.508515815
871 0.4991876523151909			0.50010144	0.49735987	0.506290584
872 0.49918929874341306			0.501118568	0.49725777	0.50680203
873 0.499185667752443			0.50152099	0.496749289	0.507614213
874 0.49706418303300265			0.502025111	0.496956169	0.507414178
875 0.49664565968692825			0.501012146	0.49563629	0.506596306
876 0.493809620458697			0.500506997	0.494931062	0.505380711
877 0.4949228269699431			0.50162206	0.498070282	0.504473363
878 0.49450325732899025			0.501623377	0.496147607	0.50456482
879 0.49419670128283444			0.50081103	0.494929006	0.505595117
880 0.496048632218845			0.498581273	0.495934959	0.504765768
881 0.4928890694839496			0.498986623	0.49634295	0.504970582
882 0.49463019250253293			0.498781973	0.495948136	0.504458857
883 0.4924949290060852			0.497262219	0.495934959	0.503553299
884 0.49125305126118796			0.497664026	0.495839253	0.505179768
885 0.4924888347543646			0.496854069	0.496952458	0.504263094
886 0.4928919577579204			0.495646892	0.497562957	0.504982713
887 0.4949290060851927			0.496544715	0.497769667	0.503554743
888 0.49329268292682926			0.49563806	0.5	0.504466098
889 0.4933983343489742			0.496548924	0.499593661	0.50376552
890 0.49266802443991853			0.495629193	0.49786802	0.503760927
891 0.4909827760891591			0.497058227	0.5	0.504460665
892 0.488834754364596			0.496141348	0.497964169	0.504365482
893 0.48937031787811297			0.494505495	0.494811801	0.503149766
894 0.49034749034749037			0.493097848	0.494425299	0.505173463
895 0.48943518894758226			0.493414387	0.494521104	0.503763988
896 0.4893487522824102			0.492706645	0.492501013	0.503154895
897 0.488965377606803			0.492600851	0.492189085	0.502334078
898 0.4890555330360762			0.491670053	0.491779988	0.501929718
899 0.4882209585702681			0.490573687	0.492992078	0.501928151
900 0.4881969881969882			0.491563326	0.493495935	0.503249391
901 0.48905109489051096			0.490577508	0.493506494	0.501323021
902 0.4886455798864558			0.490993726	0.491700405	0.499898353
903 0.48814109061423067			0.490931323	0.491260163	0.499390987
904 0.4894394800974817			0.489555871	0.490780142	0.501521607
905 0.49147034930950445			0.489033306	0.491288493	0.500912594
906 0.4894566098945661			0.48832013	0.492891958	0.49867913
907 0.49054685911770685			0.488438134	0.491263714	0.499289051
908 0.48955163319131667			0.486634265	0.490481977	0.49898084
909 0.4890288500609508			0.485789687	0.490374873	0.497766044
910 0.4890377588306943			0.483903624	0.490761421	0.497256655
911 0.4867113004666261			0.484362307	0.48893401	0.497559984
912 0.4882305194805195			0.483109483	0.489348752	0.494306629
913 0.48631664301642			0.482954545	0.488843813	0.49583418
914 0.4868261045804621			0.483516484	0.489762822	0.495837563
915 0.4872993294045926			0.482954545	0.489551633	0.493395651
916 0.4888302193338749			0.481842159	0.490650407	0.494628015
917 0.48769574944071586			0.482982172	0.489650974	0.49351439
918 0.4868421052631579			0.483759643	0.490776404	0.494717594
919 0.48862713241267264			0.484086763	0.490868506	0.494521104
920 0.4900648824006488			0.482975274	0.487730683	0.49470684
921 0.4903592449766592			0.484270347	0.488726386	0.496541904
922 0.4919764371318302			0.48296146	0.48800813	0.495740365
923 0.49127435064935066			0.483282675	0.487429035	0.49471974
924 0.48925820835022293			0.484559122	0.488315383	0.494521104
925 0.49004874086108857			0.485998377	0.489634146	0.494407159
926 0.4918864097363083			0.484694912	0.488730964	0.494914565
927 0.49047811993517015			0.483661457	0.487096119	0.493398334
928 0.4898662342926631			0.483289447	0.487226277	0.494818126
929 0.48803245436105475			0.482758621	0.48699187	0.494715447
930 0.4902478667208452			0.484995945	0.48962149	0.495928339
931 0.48921887713588286			0.483255531	0.488301119	0.493303571
932 0.4870077141697117			0.48336714	0.489650974	0.493614433
933 0.48519870235198703			0.483198381	0.488532576	0.493807107
934 0.48598130841121495			0.483563312	0.486009732	0.491477273
935 0.48468870411681203			0.483641536	0.487362413	0.493306288
936 0.4853836784409257			0.483102606	0.487983707	0.493688925
937 0.48295454545454547			0.482646641	0.487894201	0.491773309
938 0.4826747720364742			0.482255121	0.489642567	0.492095663
939 0.4823672476692339			0.481089874	0.489829129	0.491163924
940 0.4822262847856998			0.479301948	0.489249493	0.489957395
941 0.4826747720364742			0.47938249	0.48975867	0.48871263
942 0.4823743922204214			0.478119935	0.489064399	0.490140272
943 0.4817444219066937			0.477617987	0.489137056	0.489236393
944 0.4822479204706837			0.478243188	0.488216172	0.486903553
945 0.4813160032493907			0.478014184	0.486876907	0.486404221
946 0.483066315149057			0.478464039	0.485273207	0.484565394
947 0.4821356069833536			0.478569978	0.486601705	0.484362307
948 0.4818274111675127			0.477226515	0.487205524	0.4850822
949 0.4804140450578445			0.476557743	0.488442822	0.485057939
950 0.4809253246753247			0.475862069	0.490543014	0.485186688
951 0.4803484602917342			0.472830495	0.487309645	0.484263959
952 0.4833468724614135			0.473096447	0.487408611	0.482814724
953 0.48117239975575005			0.474817222	0.486678869	0.483102606
954 0.48108987393249286			0.474369406	0.486201299	0.483150629
955 0.4837133550488599			0.473865478	0.484663823	0.482211832
956 0.48214285714285715			0.474197481	0.484054438	0.4808433
957 0.48417849898580123			0.475493187	0.484694912	0.484467005
958 0.4837925445705024			0.473716257	0.484054438	0.483073181
959 0.48374644453474197			0.473299492	0.481338742	0.483543275
960 0.483248730964467			0.472317988	0.482534525	0.485180674
961 0.48308004052684905			0.474101158	0.482429413	0.484780844
962 0.48435595286468913			0.474452555	0.482947625	0.484897628
963 0.4830181004677649			0.472035794	0.482513217	0.485888325
964 0.48204503956177724			0.472340426	0.481827411	0.483346872
965 0.4813538710985002			0.470671808	0.480780964	0.484034981
966 0.4817295980511571			0.469813614	0.480421992	0.482625483
967 0.48094852047020675			0.467873119	0.478561268	0.482128351
968 0.48118771608704497			0.467921473	0.479691308	0.481248733
969 0.4817681808922387			0.470719805	0.477235772	0.482204596
970 0.4825971911255852			0.468920834	0.477351209	0.481323589
971 0.4821790198460915			0.468978102	0.476113031	0.482150101
972 0.4823815309842041			0.46875632	0.477161501	0.482800733
973 0.4824436776943373			0.469656992	0.475909738	0.480773143
974 0.4818034775576223			0.467951318	0.476432345	0.479878049
975 0.48294762484774667			0.469693898	0.475765565	0.480300569
976 0.48164672480227133			0.46800324	0.477378779	0.480796586
977 0.4802511646749038			0.469358766	0.476944952	0.479268293
978 0.48110524177163755			0.468616697	0.478773106	0.480382192
979 0.48126392546080615			0.467329545	0.480382192	0.481293209
980 0.48099207155926			0.46765362	0.479301948	0.47996746
981 0.479276716781796			0.465950547	0.478976234	0.478163721
982 0.4795523906408952			0.465976031	0.479918864	0.479683056
983 0.47888753552578156			0.465531225	0.479479886	0.476944952
984 0.4783756345177665			0.46589525	0.478464039	0.477714749
985 0.47786352558895206			0.465758992	0.479196265	0.476316324
986 0.4767134431563962			0.465853659	0.478773106	0.476180782
987 0.476500508646999			0.466137889	0.480276535	0.475532995
988 0.4782961460446247			0.465597727	0.476364374	0.474883059
989 0.47856126803495225			0.464857201	0.476171162	0.473417208
990 0.48079658605974396			0.463256192	0.47750304	0.474345974
991 0.48054316984191325			0.464677223	0.47740228	0.474036511
992 0.48043786742347455			0.465692245	0.475629569	0.475172975
993 0.4825416159155501			0.464922952	0.4780577	0.476898026
994 0.483779399837794			0.46431468	0.475871857	0.476151651
995 0.4816924328722539			0.465786802	0.477323571	0.476916819
996 0.4811129163281885			0.46580069	0.477185155	0.474624442
997 0.4781725888324873			0.466395939	0.477863526	0.473694901
998 0.47819030229255427			0.4651918	0.475249542	0.470862944
999 0.47754521438731967			0.464061551	0.479001826	0.472516287
1000 0.479099025974026			0.465003043	0.479301948	0.470934959
1001 0.4782785221274868			0.463982193	0.479942985	0.4720294
1002 0.4773787786569284			0.466612543	0.479552391	0.469561688
1003 0.4755924650597529			0.464865963	0.480219111	0.46885778
1004 0.4755825734549139			0.463553299	0.478896104	0.471437284
1005 0.477051177904143			0.463756345	0.480617008	0.470026417
1006 0.47789943227899434			0.46269567	0.479449281	0.470827404
1007 0.4771387929282666			0.462022746	0.479674797	0.470444851
1008 0.4766944840219825			0.460587639	0.479674797	0.470217524
1009 0.477499490938709			0.461148306	0.480796586	0.469391906
1010 0.4783844124213517			0.461944388	0.480211082	0.470217524
1011 0.4784727863525589			0.461522843	0.476848091	0.470182556
1012 0.4790103427296694			0.462759463	0.476760706	0.468046257
1013 0.4788445890968267			0.46350365	0.474015428	0.469263542
1014 0.47649094239772033			0.461741425	0.472616633	0.470648186
1015 0.47546634225466344			0.463271104	0.476654486	0.468483123
1016 0.4750405844155844			0.461257606	0.477397121	0.46701847
1017 0.4734172077922078			0.461569744	0.476064909	0.467329545
1018 0.4715828070890202			0.462586417	0.475619667	0.466842962
1019 0.473940377205435			0.461366409	0.474589998	0.468616697
1020 0.4730223123732252			0.46183516	0.476441917	0.466639627
1021 0.4725943970767357			0.461288356	0.476626016	0.467005076
1022 0.4724025974025974			0.459399107	0.47440065	0.467329545
1023 0.47362012987012986			0.459541675	0.47362013	0.466246442
1024 0.472915398660986			0.460587639	0.47398374	0.467886179
1025 0.4738768042285017			0.460291734	0.474761808	0.466680211
1026 0.4747310736756647			0.45928934	0.476084313	0.468076454
1027 0.47625811688311687			0.457241519	0.475197408	0.466598778
1028 0.477079107505071			0.458291049	0.474827446	0.466179159
1029 0.4766544863987008			0.456592292	0.474025974	0.465201465
1030 0.47598784194528876			0.458536585	0.476364374	0.466883381
1031 0.47381242387332523			0.457775071	0.475862069	0.463350254
1032 0.4746553122465531			0.458603896	0.47555285	0.463647441
1033 0.4768292682926829			0.458088086	0.471946526	0.464351005
1034 0.4734594264795607			0.457183442	0.474283391	0.46504065
1035 0.472915398660986			0.457096381	0.475852273	0.462586417
1036 0.4737055837563452			0.455523964	0.476006507	0.461819659
1037 0.4711011965118637			0.455762987	0.475562766	0.462258393
1038 0.4720925512482241			0.45450853	0.475339963	0.461976413
1039 0.4719740048740861			0.455098317	0.475736041	0.462195122
1040 0.4731618391735872			0.454840674	0.475755731	0.461897988
1041 0.4730526743949563			0.452018665	0.475822836	0.461193726
1042 0.47279396780110045			0.452902964	0.475871857	0.460754332
1043 0.47340641494112873			0.451357925	0.47648013	0.461929967
1044 0.4728194726166329			0.451639013	0.475813008	0.459256249
1045 0.474390243902439			0.452308318	0.474796748	0.459519935
1046 0.4733523189585028			0.452795786	0.475562766	0.460459443
1047 0.475396502643351			0.451155249	0.47574589	0.460381959
1048 0.47348099979678926			0.452511694	0.474452555	0.460349736
1049 0.47088658957192125			0.451665313	0.475466342	0.462289083
1050 0.4718553139605771			0.449492901	0.472956486	0.459602111
1051 0.4716981132075472			0.448834853	0.474015428	0.459053038
1052 0.4719123909957412			0.451665313	0.472391393	0.458816351
1053 0.4733523189585028			0.45211039	0.475426483	0.459256249
1054 0.4718167072181671			0.451815784	0.474366768	0.460162602
1055 0.4711264741764945			0.449786975	0.474731074	0.459525259
1056 0.4693463256191636			0.451626016	0.475040584	0.459415584
1057 0.4697768762677485			0.45035533	0.473940377	0.459882186
1058 0.469193352249696			0.449381213	0.474679683	0.459322378
1059 0.4695952816758186			0.446968161	0.473096447	0.458189217
1060 0.4679812970115877			0.448975451	0.473096447	0.457689178
1061 0.46944162436548226			0.448681542	0.47137637	0.457554833
1062 0.4666396268505374			0.446562563	0.471866748	0.456579215
1063 0.46727642276422765			0.449431357	0.472904404	0.455286209
1064 0.4673846779109937			0.448850925	0.470647773	0.45450853
1065 0.4681670721816707			0.448009748	0.471292351	0.455415309
1066 0.46895292207792205			0.447560976	0.472830495	0.455229955
1067 0.4666666666666667			0.449419906	0.472154472	0.456340322
1068 0.46689683184402925			0.448296837	0.472458485	0.454785613
1069 0.468413568962015			0.448345849	0.472058525	0.457241519
1070 0.4665718349928876			0.448556324	0.47095857	0.45672979
1071 0.4668833807395368			0.447624848	0.472531928	0.456208088
1072 0.46745321399511797			0.447646104	0.470277947	0.457323284
1073 0.46643612693246544			0.447582284	0.470814755	0.457782299
1074 0.4663286004056795			0.446584229	0.472402597	0.458375738
1075 0.4669110160863368			0.445978879	0.47137637	0.458019923
1076 0.46345919610231423			0.445165214	0.471231767	0.458696976
1077 0.46578680203045686			0.448689291	0.471231767	0.457723577
1078 0.4655417767838992			0.445526476	0.471713472	0.458899939
1079 0.4657729027016047			0.448051948	0.471793831	0.458976442
1080 0.4648944805194805			0.44591029	0.470326109	0.458231955
1081 0.4658006900750964			0.447779355	0.472131814	0.458367181
1082 0.4659877800407332			0.447918782	0.473085517	0.457647776
1083 0.46601744775816595			0.448073022	0.471709592	0.456596869
1084 0.4645108806182632			0.44983753	0.471042471	0.457422912
1085 0.46612410986775177			0.449949239	0.471629042	0.456742486
1086 0.46668021129622106			0.450426656	0.472368956	0.457230143
1087 0.46703185230269834			0.448689291	0.471782379	0.457078926
1088 0.4665718349928876			0.449301761	0.470862944	0.456190283
1089 0.46616541353383456			0.450152284	0.467545639	0.455873402
1090 0.4654611946363267			0.451553931	0.469466423	0.455302722
1091 0.46555578134525505			0.449075015	0.471042471	0.454785077
1092 0.46555578134525505			0.447982154	0.470123557	0.456186613
1093 0.46674801708358754			0.448772571	0.470683709	0.456557044
1094 0.4653767820773931			0.449449653	0.472572125	0.455302722
1095 0.46640957986604425			0.447101743	0.471855314	0.45404636
1096 0.4686294416243655			0.448233861	0.473587972	0.453121822
1097 0.46780418444038185			0.449298923	0.472819473	0.453287197
1098 0.4686676130602312			0.447266816	0.473310331	0.452642276
1099 0.46864217576618633			0.447352404	0.473812424	0.454637917
1100 0.4695121951219512			0.449360666	0.473030735	0.453029687
1101 0.469859955348082			0.448465135	0.472989439	0.453322462
1102 0.47017045454545453			0.451056052	0.474325147	0.451626016
1103 0.4692260816575259			0.450689935	0.474431818	0.452163315
1104 0.4692058346839546			0.450598499	0.474552117	0.452424427
1105 0.4678731191541277			0.45112782	0.474903475	0.451632529
1106 0.4676697844652298			0.452826352	0.4747557	0.450243704
1107 0.46525802519301096			0.450618536	0.473384803	0.450468814
1108 0.4659643435980551			0.449969556	0.472627737	0.451455323
1109 0.4650030432136336			0.448647549	0.473609419	0.451960187
1110 0.4645972813958206			0.446977407	0.472885471	0.451960187
1111 0.4644742184328055			0.448170732	0.474101158	0.452085453
1112 0.4653666463538493			0.44724026	0.473887421	0.45276873
1113 0.4653003246753247			0.447058824	0.473085517	0.452638012
1114 0.46701846965699206			0.446566436	0.474679683	0.453547469
1115 0.4641769839659022			0.446994314	0.474197481	0.453290008
1116 0.46378575776019476			0.447058824	0.472261735	0.452899288
1117 0.46516808424463346			0.446359765	0.471759447	0.453566348
1118 0.4653284671532847			0.445460085	0.471220105	0.45229395
1119 0.4656084656084656			0.445142973	0.471556278	0.452880114
1120 0.4653525706157285			0.447918782	0.471721062	0.453306205
1121 0.465611685940353			0.447058824	0.471353108	0.453398453
1122 0.46317711503347536			0.445976079	0.471974005	0.452972313
1123 0.4630681818181818			0.446791227	0.471208435	0.45373195
1124 0.46206896551724136			0.447470026	0.474036511	0.454674797
1125 0.4609756097560976			0.446989661	0.474048443	0.453660515
1126 0.4599147554292673			0.449572997	0.47332116	0.452994924
1127 0.4623808558101805			0.449058132	0.473140077	0.453233022
1128 0.4629291082673167			0.450324412	0.473780488	0.453713123
1129 0.4635532994923858			0.450578445	0.474379829	0.45373195
1130 0.46017878911011784			0.447619048	0.474325147	0.453360489
1131 0.4622104835432751			0.449116392	0.47323601	0.454083706
1132 0.4631621676476558			0.448751776	0.47389803	0.454674797
1133 0.46244417377182295			0.448387751	0.47389803	0.455027534
1134 0.4598658809185125			0.450183001	0.473107368	0.457003456
1135 0.46088193456614507			0.449878247	0.473919221	0.458274112
1136 0.4586802030456853			0.44852047	0.473395613	0.459349593
1137 0.4597933967996759			0.449128496	0.473844282	0.461538462
1138 0.4599147554292673			0.447037338	0.474090632	0.461147274
1139 0.45995934959349594			0.447779355	0.474122184	0.460585128
1140 0.4607584668424255			0.446977407	0.473513294	0.461334961
1141 0.461038961038961			0.446472019	0.473214286	0.459096459
1142 0.46119463632669644			0.446113254	0.473299492	0.45862069
1143 0.46207036811063656			0.448535395	0.472893401	0.45757884
1144 0.460836038961039			0.447752126	0.471882641	0.456508454
1145 0.4609597397315982			0.448030857	0.473225152	0.457055838
1146 0.4603045685279188			0.449908555	0.473417208	0.456504065
1147 0.4613978057700122			0.449867806	0.472402597	0.455673038
1148 0.45934959349593496			0.447742985	0.473930754	0.455044752
1149 0.46100731112916327			0.447870183	0.472849298	0.456154629
1150 0.45985401459854014			0.448121827	0.470158343	0.454877307
1151 0.45995516608926024			0.449290061	0.471114727	0.455986989
1152 0.460836038961039			0.450284091	0.470731707	0.455780933
1153 0.46114727420667206			0.448535395	0.471629042	0.455322613
1154 0.46059865607819184			0.449572997	0.46964467	0.455487805
1155 0.46072660848386443			0.449178332	0.471138211	0.454471379
1156 0.4594155844155844			0.447400487	0.469022953	0.456429007
1157 0.45845156059991893			0.446903553	0.471793831	0.455894309
1158 0.4590197274761033			0.444580028	0.471042471	0.454988823
1159 0.4591795288383428			0.445030426	0.468807153	0.454693545
1160 0.4589930978481527			0.446410413	0.470504764	0.455081301
1161 0.458723058153721			0.447132981	0.469776876	0.454157349
1162 0.45747919626547595			0.4453014	0.467587889	0.455100794
1163 0.4556705214039359			0.447379114	0.469835466	0.456632135
1164 0.45999187652315193			0.445863747	0.469093127	0.457410043
1165 0.45862980280544824			0.444263959	0.468927701	0.456429007
1166 0.45821501014198784			0.445077299	0.470158343	0.455395245
1167 0.4580540320942515			0.444602561	0.468490375	0.456596869
1168 0.4592999592999593			0.445685279	0.469570527	0.458333333
1169 0.45811305408702724			0.446743761	0.470158343	0.456985967
1170 0.4596954314720812			0.44651918	0.470851107	0.457230143
1171 0.4585961342828077			0.448842875	0.469872185	0.457038391
1172 0.4589499290492601			0.449137056	0.469346326	0.456707317
1173 0.46008531383302864			0.447982154	0.468413569	0.455691057
1174 0.4596021112464474			0.448100752	0.468819825	0.458367347
1175 0.4624136529865908			0.446316217	0.469288465	0.456526166
1176 0.46206896551724136			0.447939923	0.468547078	0.456001622
1177 0.4614134849715678			0.447443182	0.47091131	0.455008143
1178 0.46130408287629493			0.446903553	0.471303995	0.454970522
1179 0.46310640032613126			0.444241316	0.471866748	0.454711989
1180 0.46114727420667206			0.443586095	0.471341463	0.454026504
1181 0.460867802108678			0.444557271	0.471905537	0.454397394
1182 0.459662670188986			0.445369618	0.472679261	0.452937589
1183 0.4603658536585366			0.444557271	0.470695599	0.454101364
1184 0.4588735818476499			0.444534742	0.47112462	0.454933876
1185 0.45944849959448497			0.445705024	0.470910197	0.455431472
1186 0.45904298459042986			0.443993506	0.470600203	0.456777597
1187 0.459519934906428			0.445753759	0.47083926	0.456968464
1188 0.46156974379829196			0.444692058	0.471498371	0.455636956
1189 0.46091370558375633			0.44681283	0.47020541	0.458409599
1190 0.4602272727272727			0.444759781	0.471114727	0.455377109
1191 0.45738636363636365			0.444692511	0.470504764	0.455099553
1192 0.4602111246447422			0.445008117	0.471437284	0.454249032
1193 0.45944849959448497			0.443520584	0.470827404	0.455636956
1194 0.45906967296364004			0.443292683	0.469715447	0.455192034
1195 0.4615228013029316			0.444714952	0.46942921	0.455780933
1196 0.4615541090317331			0.443407708	0.470002034	0.457096381
1197 0.4621473513294094			0.440505297	0.469582909	0.455377109
1198 0.4610534878991255			0.443045685	0.467916073	0.455616494
1199 0.4626804962375432			0.442147923	0.469238579	0.456379943
1200 0.46402439024390246			0.44338474	0.467830323	0.457917261
1201 0.46420604339890487			0.443181818	0.4684776	0.45786802
1202 0.46336513091130505			0.440847078	0.469835466	0.460772358
1203 0.4639740207022529			0.441719035	0.468578401	0.459519935
1204 0.46208434712084345			0.441468858	0.469940901	0.45818108
1205 0.4617879586458544			0.439886271	0.470444851	0.460724461
1206 0.46153846153846156			0.441056911	0.469022953	0.460162602
1207 0.4628652597402597			0.438617886	0.467899228	0.459629856
1208 0.4607723577235772			0.438792055	0.469943136	0.459849563
1209 0.4592562487299329			0.440316687	0.468807153	0.461116751
1210 0.4599756196668021			0.440121581	0.467506093	0.460678724
1211 0.4619598295800365			0.43964293	0.468059217	0.460130187
1212 0.4621473513294094			0.44	0.467234733	0.461710794
1213 0.4630042570443949			0.442026037	0.468889793	0.458782821
1214 0.46189894050529745			0.439902873	0.467411168	0.456985967
1215 0.4611640640843642			0.442073171	0.466571835	0.458773355
1216 0.46258365443114985			0.441260163	0.468192869	0.461679203
1217 0.46124188311688313			0.440186537	0.468262016	0.4613817
1218 0.4616477272727273			0.442276423	0.467450821	0.460740439
1219 0.4600366076876144			0.445280716	0.470134092	0.462024028
1220 0.4610705596107056			0.443768997	0.468249138	0.460459443
1221 0.4611156351791531			0.444218241	0.467276423	0.460943857
1222 0.4591795288383428			0.442252948	0.467843376	0.460818237
1223 0.460880195599022			0.443296881	0.468115353	0.460802281
1224 0.4586802030456853			0.443294786	0.467860049	0.46089613
1225 0.4588832487309645			0.444715447	0.46973711	0.462208713
1226 0.45958570268074733			0.444421865	0.468883033	0.460676447
1227 0.4591194968553459			0.443428804	0.467860049	0.463479145
1228 0.4593330622204148			0.443881686	0.468673718	0.463449399
1229 0.46017878911011784			0.445687551	0.469582909	0.463151466
1230 0.45910290237467016			0.444354348	0.468807153	0.463181448
1231 0.45959698758396095			0.443540183	0.467761557	0.463682604
1232 0.45886654478976235			0.444512071	0.468072167	0.465689269
1233 0.458553433563592			0.442026037	0.466666667	0.465976031
1234 0.459711792165618			0.44394801	0.468033286	0.466367713
1235 0.4577164875278848			0.44279316	0.466463415	0.465948363
1236 0.45780933062880325			0.441558442	0.466910272	0.465772903
1237 0.4568177199756147			0.442436548	0.46811978	0.466829467
1238 0.45796100731112915			0.443246542	0.466896832	0.465475223
1239 0.45799512987012986			0.442845561	0.467358145	0.466082705
1240 0.4594594594594595			0.444534577	0.467860049	0.46728972
1241 0.45752032520325203			0.44606947	0.468253968	0.46728972
1242 0.456645056726094			0.446747967	0.465083232	0.467424396
1243 0.4586634166158846			0.448058548	0.466436828	0.467912266
1244 0.4583163887759252			0.447080292	0.465909091	0.467764897
1245 0.4563717532467532			0.446674777	0.46693712	0.4671948
1246 0.458400974025974			0.446903553	0.465173116	0.46802444
1247 0.4566673432108788			0.448282869	0.4651918	0.47008547
1248 0.4578680203045685			0.446356275	0.469321414	0.46935451
1249 0.45652173913043476			0.447827852	0.468331303	0.469130788
1250 0.4564820450395618			0.447427293	0.468819825	0.469499797
1251 0.45741004269160396			0.447694495	0.469632338	0.46997761
1252 0.4596462695669852			0.448170732	0.469163444	0.469786368
1253 0.4581560283687943			0.449025183	0.468724614	0.469010364
1254 0.4603658536585366			0.450314977	0.471149939	0.469869707
1255 0.46033360455655004			0.450020317	0.468115353	0.469213574
1256 0.46047551310709206			0.451665313	0.468711906	0.468202201
1257 0.46124188311688313			0.450872919	0.468076454	0.468171649
1258 0.46052364522021516			0.450689935	0.470684039	0.466707392
1259 0.45973973159821063			0.451586656	0.470134092	0.465366646
1260 0.45891661594643945			0.453325198	0.469595282	0.468532897
1261 0.45916294189353923			0.452704071	0.470193286	0.466748017
1262 0.46110095470241724			0.454010152	0.469035533	0.4663286
1263 0.46100731112916327			0.452860924	0.469371197	0.466897535
1264 0.46208578979467374			0.45080138	0.468236249	0.468128299
1265 0.4616947774842512			0.451737452	0.46942921	0.468089431
1266 0.46066273632852206			0.45142973	0.471161657	0.468470301
1267 0.46142915144133173			0.452071487	0.46728972	0.468851792
1268 0.45908629441624366			0.451403009	0.469271469	0.468521527
1269 0.4585444962497466			0.452719156	0.47009764	0.468457468
1270 0.4608519269776876			0.454748377	0.470420817	0.46773539
1271 0.45891661594643945			0.453325198	0.470158343	0.46801141
1272 0.46125611745513867			0.453844593	0.468344156	0.467397928
1273 0.46047551310709206			0.452240925	0.469499797	0.468889793
1274 0.46119463632669644			0.451056052	0.468686458	0.469150886
1275 0.4605691056910569			0.451743715	0.469884405	0.469979716
1276 0.46091370558375633			0.451612903	0.469358766	0.469080553
1277 0.46183516037352823			0.453144016	0.470134092	0.468483123
1278 0.4602111246447422			0.451012146	0.472058525	0.468210441
1279 0.4602111246447422			0.449776332	0.470301058	0.468909276
1280 0.4610231425091352			0.451469098	0.46940435	0.469715447
1281 0.46373268133659334			0.454008954	0.46942921	0.467561521
1282 0.4615540677622236			0.453346856	0.470588235	0.469221362
1283 0.4628048780487805			0.451704545	0.46918853	0.471559633
1284 0.4603528696004867			0.452550295	0.469536962	0.470276873
1285 0.4597281395820653			0.452090946	0.468508736	0.471629042
1286 0.46045944297621466			0.453401015	0.46940435	0.46967847
1287 0.46219512195121953			0.453419931	0.469358766	0.47009764
1288 0.4610231425091352			0.452757502	0.4679773	0.472024415
1289 0.4610231425091352			0.453311728	0.468305567	0.471448893
1290 0.4586374695863747			0.45133103	0.467981297	0.471579375
1291 0.4590530380004064			0.454083706	0.468089431	0.473159821
1292 0.4607404393816111			0.453178956	0.470624111	0.470707893
1293 0.46308724832214765			0.452511694	0.47209776	0.471533144
1294 0.46175752644426366			0.454987835	0.470302047	0.469595282
1295 0.45921266233766234			0.454822335	0.471387987	0.470899471
1296 0.45995934959349594			0.451979695	0.469251066	0.469093127
1297 0.4595416751166092			0.454028821	0.471759447	0.469233904
1298 0.4611788617886179			0.453936688	0.471579375	0.469499797
1299 0.46171033922405036			0.452573976	0.471042471	0.469366986
1300 0.46239837398373984			0.453677367	0.470420817	0.470193286
1301 0.4625380710659899			0.454267672	0.47080292	0.471978806
1302 0.46421309475396505			0.452535497	0.471463514	0.471775015
1303 0.4656084656084656			0.451790073	0.473011364	0.473033252
1304 0.4651210087451698			0.45304878	0.473192526	0.474272931
1305 0.4656752902831534			0.453604061	0.472808442	0.472690355
1306 0.46531440162271803			0.452956716	0.469930922	0.475840979
1307 0.46583977226514844			0.453917986	0.46885778	0.474989833
1308 0.46275624112035724			0.454600977	0.46885778	0.476713443
1309 0.4639593908629442			0.45546764	0.468210441	0.477194405
1310 0.46394474913670525			0.455632091	0.467587889	0.478561268
1311 0.4636826042726348			0.45450853	0.465380711	0.480773143
1312 0.4623677786818552			0.456997972	0.466137889	0.478755845
1313 0.46197525856824173			0.457630563	0.467128028	0.480350234
1314 0.4611955420466059			0.45900974	0.466463415	0.478649858
1315 0.4631022565562106			0.456742486	0.467873119	0.478773106
1316 0.460836038961039			0.457716488	0.469371197	0.47895058
1317 0.4584771573604061			0.456870306	0.469085749	0.480366226
1318 0.4601949634443542			0.457664975	0.468059217	0.477818478
1319 0.45978878960194963			0.459069673	0.467601056	0.477563452
1320 0.460804224207961			0.458773355	0.469478808	0.478136494
1321 0.46067872383661856			0.458282458	0.469085749	0.476470588
1322 0.4601500709795173			0.458231955	0.470528455	0.481134
1323 0.4620240276929342			0.457414526	0.469561688	0.479788747
1324 0.46150721105017267			0.457809331	0.469487388	0.479942985
1325 0.4601015228426396			0.459432049	0.47095857	0.481571981
1326 0.4610534878991255			0.456882591	0.472413793	0.480819972
1327 0.4609770930468275			0.457345491	0.472937361	0.483116355
1328 0.4611788617886179			0.456592292	0.473459426	0.485778139
1329 0.462477120195241			0.456151035	0.473844282	0.485947047
1330 0.4625380710659899			0.455783696	0.475233455	0.485848096
1331 0.4617730784871899			0.456636808	0.472915399	0.486882245
1332 0.4636326696464852			0.45585549	0.47248731	0.486161986
1333 0.4609454250355042			0.45749645	0.474827446	0.48597561
1334 0.46235031459305864			0.457809331	0.474218433	0.485057939
1335 0.46122614697523345			0.457177566	0.47528363	0.485563237
1336 0.46050761421319797			0.455727051	0.47495437	0.482415125
1337 0.4591258599757183			0.456720049	0.475513107	0.482324258
1338 0.4613821138211382			0.457386364	0.473524041	0.480909829
1339 0.4618359454508447			0.455819622	0.475416497	0.481677524
1340 0.4614759097377516			0.454305443	0.476268079	0.480284553
1341 0.46203816483962645			0.456172463	0.475939086	0.479463196
1342 0.4629291082673167			0.453290008	0.474348534	0.479510703
1343 0.4636178861788618			0.455172414	0.476412229	0.479788747
1344 0.4642712139667073			0.453733766	0.477660439	0.479119984
1345 0.46281661600810536			0.452385787	0.477342004	0.479407588
1346 0.46163240382658255			0.452573976	0.476838683	0.480667481
1347 0.46171079429735234			0.452719156	0.475096564	0.483221477
1348 0.4616947774842512			0.452734296	0.474059003	0.484965461
1349 0.4626320064987815			0.451259139	0.473630625	0.485174655
1350 0.4621473513294094			0.452308318	0.473107368	0.485249237
1351 0.46197641317608784			0.4513382	0.470923139	0.48270952
1352 0.4619443880657601			0.452168626	0.471054235	0.483326556
1353 0.463192050294058			0.451599838	0.472081218	0.482084691
1354 0.4631022565562106			0.449298923	0.471996753	0.484596676
1355 0.463023161316538			0.449746193	0.470695599	0.484774665
1356 0.4611167512690355			0.451684937	0.471866748	0.483648182
1357 0.4640536149471974			0.451107949	0.470480828	0.482113821
1358 0.46213197969543146			0.453121822	0.470600162	0.481105242
1359 0.4604111540810096			0.453769559	0.469847716	0.480326198
1360 0.46110095470241724			0.453733766	0.470683709	0.479886225
1361 0.46142915144133173			0.453748981	0.470659898	0.478933442
1362 0.46052364522021516			0.454969574	0.470170455	0.479463196
1363 0.46305318717011773			0.457613336	0.470265882	0.478411405
1364 0.46197641317608784			0.457038391	0.471460492	0.478066613
1365 0.4621780571892111			0.458274112	0.470361348	0.479056527
1366 0.4613668627053336			0.45977245	0.470421394	0.477897739
1367 0.46163215590742995			0.459179529	0.473096447	0.479293544
1368 0.46224116930572473			0.458570268	0.471329809	0.479323691
1369 0.46175694867113004			0.4591131	0.470982143	0.480495733
1370 0.45908629441624366			0.459156651	0.471077735	0.480244399