0 4511
1 4484
2 4478
3 4453
4 4403
5 4421
6 4421
7 4411
8 4424
9 4407
10 4405
11 4381
12 4340
13 4379
14 4341
15 4387
16 4376
17 4333
18 4343
19 4323
20 4313
21 4293
22 4270
23 4302
24 4318
25 4289
26 4282
27 4263
28 4269
29 4217
30 4240
31 4269
32 4254
33 4184
34 4196
35 4197
36 4191
37 4183
38 4175
39 4167
40 4172
41 4165
42 4193
43 4163
44 4164
45 4156
46 4137
47 4125
48 4109
49 4117
50 4118
51 4111
52 4101
53 4088
54 4101
55 4055
56 4044
57 4059
58 4019
59 3967
60 3986
61 3996
62 3961
63 3930
64 3962
65 3980
66 3924
67 3933
68 3879
69 3872
70 3856
71 3879
72 3882
73 3884
74 3870
75 3821
76 3828
77 3819
78 3805
79 3804
80 3800
81 3754
82 3756
83 3740
84 3727
85 3724
86 3703
87 3712
88 3683
89 3708
90 3685
91 3673
92 3671
93 3699
94 3631
95 3622
96 3646
97 3575
98 3582
99 3605
100 3617
101 3588
102 3569
103 3580
104 3537
105 3527
106 3507
107 3527
108 3495
109 3486
110 3499
111 3467
112 3454
113 3457
114 3469
115 3412
116 3418
117 3447
118 3404
119 3404
120 3382
121 3374
122 3378
123 3352
124 3370
125 3353
126 3348
127 3323
128 3312
129 3301
130 3290
131 3306
132 3253
133 3254
134 3260
135 3262
136 3247
137 3241
138 3191
139 3185
140 3198
141 3195
142 3132
143 3142
144 3140
145 3139
146 3137
147 3126
148 3129
149 3110
150 3106
151 3087
152 3057
153 3051
154 3050
155 3035
156 3039
157 3003
158 2985
159 2951
160 2943
161 2957
162 2930
163 2929
164 2902
165 2904
166 2876
167 2894
168 2846
169 2852
170 2815
171 2814
172 2805
173 2789
174 2809
175 2777
176 2784
177 2737
178 2762
179 2702
180 2700
181 2693
182 2693
183 2678
184 2682
185 2657
186 2602
187 2622
188 2632
189 2603
190 2561
191 2546
192 2537
193 2533
194 2532
195 2521
196 2534
197 2476
198 2447
199 2469
200 2475
201 2452
202 2426
203 2421
204 2450
205 2405
206 2404
207 2398
208 2359
209 2388
210 2333
211 2351
212 2326
213 2315
214 2313
215 2294
216 2273
217 2270
218 2226
219 2201
220 2192
221 2220
222 2197
223 2171
224 2158
225 2153
226 2153
227 2169
228 2144
229 2091
230 2089
231 2099
232 2071
233 2047
234 2035
235 2050
236 2009
237 2042
238 2042
239 1996
240 2008
241 1987
242 1976
243 1981
244 1984
245 1919
246 1938
247 1932
248 1905
249 1928
250 1900
251 1871
252 1896
253 1889
254 1909
255 1869
256 1829
257 1830
258 1812
259 1818
260 1776
261 1811
262 1781
263 1764
264 1751
265 1740
266 1743
267 1687
268 1717
269 1684
270 1669
271 1648
272 1640
273 1649
274 1660
275 1661
276 1626
277 1634
278 1638
279 1611
280 1596
281 1569
282 1584
283 1550
284 1565
285 1559
286 1530
287 1542
288 1532
289 1518
290 1474
291 1498
292 1495
293 1471
294 1475
295 1467
296 1453
297 1439
298 1440
299 1440
300 1441
301 1378
302 1393
303 1376
304 1380
305 1383
306 1364
307 1369
308 1355
309 1350
310 1340
311 1311
312 1307
313 1329
314 1290
315 1300
316 1295
317 1278
318 1286
319 1240
320 1277
321 1253
322 1237
323 1221
324 1233
325 1208
326 1192
327 1183
328 1186
329 1193
330 1177
331 1183
332 1180
333 1172
334 1167
335 1137
336 1122
337 1115
338 1124
339 1082
340 1091
341 1084
342 1059
343 1043
344 1064
345 1050
346 1023
347 1024
348 1032
349 1039
350 1036
351 1023
352 994
353 976
354 996
355 968
356 987
357 956
358 937
359 945
360 938
361 911
362 935
363 924
364 905
365 897
366 874
367 894
368 865
369 890
370 884
371 860
372 866
373 833
374 827
375 811
376 822
377 805
378 777
379 799
380 805
381 799
382 766
383 765
384 753
385 760
386 746
387 754
388 760
389 746
390 755
391 728
392 705
393 721
394 677
395 703
396 681
397 663
398 622
399 637
400 627
401 652
402 612
403 653
404 604
405 609
406 619
407 622
408 594
409 616
410 579
411 577
412 558
413 544
414 554
415 569
416 528
417 518
418 484
419 524
420 498
421 474
422 457
423 518
424 455
425 458
426 476
427 478
428 446
429 420
430 403
431 429
432 417
433 423
434 398
435 403
436 375
437 390
438 379
439 367
440 385
441 349
442 338
443 368
444 386
445 364
446 371
447 354
448 333
449 343
450 317
451 339
452 286
453 323
454 319
455 300
456 310
457 313
458 311
459 302
460 267
461 305
462 311
463 257
464 268
465 231
466 259
467 258
468 253
469 230
470 237
471 246
472 231
473 202
474 215
475 224
476 219
477 186
478 185
479 173
480 159
481 185
482 140
483 181
484 161
485 149
486 139
487 141
488 149
489 154
490 138
491 123
492 163
493 131
494 117
495 98
496 121
497 91
498 83
499 107
500 116
501 110
502 116
503 92
504 95
505 60
506 85
507 50
508 73
509 81
510 75
511 102
512 79
513 32
514 42
515 43
516 82
517 48
518 52
519 54
520 54
521 67
522 54
523 45
524 55
525 14
526 34
527 9
528 3
529 38
530 12
531 26
532 15
533 17
534 18
535 7
536 32
537 8
538 4
539 32
540 4
541 8
542 7
543 37
544 12
545 9
546 30
547 46
548 8
549 40
550 44
551 33
552 47
553 66
554 66
555 55
556 65
557 63
558 93
559 92
560 83
561 115
562 105
563 98
564 102
565 84
566 121
567 95
568 75
569 92
570 113
571 126
572 90
573 110
574 103
575 122
576 137
577 116
578 131
579 120
580 106
581 138
582 127
583 150
584 158
585 139
586 141
587 125
588 148
589 148
590 186
591 164
592 188
593 153
594 145
595 146
596 165
597 178
598 180
599 192
600 179
601 175
602 179
603 187
604 170
605 180
606 191
607 183
608 199
609 191
610 170
611 198
612 229
613 209
614 226
615 198
616 191
617 194
618 235
619 186
620 186
621 211
622 214
623 224
624 197
625 202
626 218
627 239
628 205
629 207
630 227
631 192
632 234
633 204
634 219
635 226
636 231
637 229
638 234
639 237
640 226
641 243
642 220
643 203
644 231
645 267
646 242
647 222
648 221
649 243
650 247
651 237
652 211
653 244
654 209
655 240
656 207
657 226
658 215
659 206
660 229
661 258
662 238
663 244
664 242
665 214
666 225
667 231
668 244
669 252
670 223
671 238
672 218
673 222
674 223
675 219
676 216
677 231
678 245
679 240
680 212
681 227
682 212
683 229
684 222
685 194
686 232
687 238
688 235
689 238
690 217
691 240
692 233
693 230
694 243
695 219
696 194
697 221
698 231
699 219
700 199
701 209
702 213
703 228
704 216
705 239
706 222
707 249
708 222
709 233
710 243
711 235
712 205
713 236
714 227
715 233
716 227
717 224
718 238
719 235
720 253
721 222
722 227
723 253
724 226
725 236
726 233
727 230
728 272
729 247
730 250
731 258
732 221
733 236
734 265
735 213
736 256
737 221
738 228
739 256
740 242
741 246
742 253
743 264
744 285
745 256
746 264
747 265
748 289
749 283
750 246
751 256
752 248
753 275
754 262
755 248
756 246
757 249
758 266
759 248
760 259
761 243
762 246
763 256
764 237
765 234
766 246
767 275
768 262
769 247
770 258
771 262
772 268
773 260
774 231
775 263
776 264
777 270
778 253
779 240
780 253
781 254
782 237
783 261
784 240
785 264
786 277
787 256
788 265
789 244
790 264
791 252
792 226
793 250
794 225
795 249
796 252
797 246
798 254
799 234
800 220
801 222
802 226
803 199
804 230
805 220
806 226
807 199
808 207
809 221
810 205
811 223
812 261
813 222
814 221
815 230
816 206
817 199
818 190
819 209
820 194
821 215
822 201
823 187
824 170
825 206
826 161
827 181
828 188
829 203
830 191
831 148
832 182
833 183
834 147
835 143
836 147
837 165
838 140
839 182
840 140
841 128
842 115
843 155
844 147
845 142
846 162
847 139
848 167
849 135
850 158
851 127
852 149
853 142
854 161
855 145
856 138
857 119
858 132
859 104
860 149
861 99
862 119
863 118
864 147
865 107
866 103
867 112
868 130
869 98
870 99
871 77
872 99
873 113
874 97
875 98
876 76
877 89
878 68
879 113
880 93
881 100
882 102
883 75
884 42
885 65
886 70
887 77
888 61
889 74
890 61
891 78
892 24
893 70
894 25
895 31
896 30
897 32
898 40
899 2
900 1
901 20
902 7
903 28
904 21
905 18
906 44
907 2
908 40
909 14
910 3
911 23
912 3
913 8
914 8
915 16
916 1
917 14
918 12
919 3
920 6
921 23
922 13
923 17
924 12
925 11
926 23
927 6
928 27
929 28
930 19
931 19
932 30
933 20
934 24
935 15
936 25
937 17
938 78
939 78
940 61
941 63
942 69
943 70
944 71
945 94
946 76
947 54
948 77
949 91
950 45
951 43
952 77
953 54
954 73
955 43
956 79
957 73
958 72
959 70
960 88
961 100
962 127
963 98
964 111
965 101
966 128
967 94
968 120
969 123
970 123
971 139
972 143
973 138
974 127
975 182
976 181
977 165
978 131
979 136
980 158
981 196
982 178
983 183
984 170
985 164
986 193
987 198
988 159
989 168
990 226
991 158
992 188
993 172
994 175
995 167
996 190
997 176
998 166
999 173
1000 147
1001 162
1002 161
1003 136
1004 194
1005 163
1006 147
1007 165
1008 163
1009 189
1010 179
1011 181
1012 165
1013 196
1014 215
1015 168
1016 171
1017 211
1018 197
1019 210
1020 174
1021 182
1022 202
1023 189
1024 217
1025 198
1026 244
1027 197
1028 220
1029 220
1030 232
1031 240
1032 238
1033 239
1034 252
1035 251
1036 230
1037 216
1038 241
1039 242
1040 225
1041 254
1042 223
1043 226
1044 249
1045 260
1046 243
1047 235
1048 212
1049 278
1050 268
1051 265
1052 282
1053 285
1054 251
1055 273
1056 265
1057 264
1058 253
1059 252
1060 283
1061 273
1062 271
1063 290
1064 293
1065 272
1066 275
1067 284
1068 301
1069 296
1070 266
1071 293
1072 294
1073 288
1074 310
1075 306
1076 322
1077 294
1078 336
1079 320
1080 345
1081 331
1082 317
1083 351
1084 324
1085 329
1086 321
1087 337
1088 327
1089 325
1090 322
1091 323
1092 327
1093 334
1094 325
1095 312
1096 309
1097 326
1098 295
1099 330
1100 346
1101 343
1102 333
1103 323
1104 326
1105 346
1106 342
1107 328
1108 342
1109 337
1110 341
1111 339
1112 349
1113 346
1114 338
1115 364
1116 341
1117 359
1118 362
1119 373
1120 325
1121 317
1122 356
1123 351
1124 354
1125 356
1126 352
1127 355
1128 382
1129 351
1130 401
1131 361
1132 363
1133 367
1134 353
1135 379
1136 360
1137 377
1138 397
1139 384
1140 374
1141 360
1142 364
1143 357
1144 345
1145 399
1146 371
1147 359
1148 362
1149 359
1150 363
1151 385
1152 373
1153 356
1154 359
1155 378
1156 366
1157 379
1158 373
1159 351
1160 367
1161 376
1162 359
1163 370
1164 409
1165 364
1166 370
1167 376
1168 369
1169 383
1170 383
1171 350
1172 388
1173 397
1174 415
1175 410
1176 388
1177 376
1178 420
1179 404
1180 396
1181 414
1182 388
1183 395
1184 356
1185 409
1186 364
1187 382
1188 386
1189 375
1190 384
1191 381
1192 375
1193 392
1194 387
1195 364
1196 406
1197 415
1198 406
1199 400
1200 392
1201 398
1202 381
1203 365
1204 381
1205 373
1206 385
1207 398
1208 387
1209 371
1210 383
1211 387
1212 386
1213 370
1214 350
1215 403
1216 386
1217 410
1218 389
1219 398
1220 409
1221 372
1222 390
1223 390
1224 382
1225 375
1226 403
1227 397
1228 416
1229 396
1230 402
1231 404
1232 436
1233 354
1234 427
1235 402
1236 392
1237 402
1238 391
1239 441
1240 418
1241 401
1242 419
1243 409
1244 405
1245 398
1246 389
1247 379
1248 395
1249 382
1250 387
1251 396
1252 397
1253 359
1254 387
1255 395
1256 399
1257 398
1258 405
1259 408
1260 384
1261 385
1262 373
1263 372
1264 404
1265 371
1266 366
1267 384
1268 399
1269 377
1270 392
1271 371
1272 379
1273 380
1274 375
1275 390
1276 344
1277 372
1278 401
1279 370
1280 364
1281 378
1282 372
1283 353
1284 410
1285 351
1286 374
1287 398
1288 405
1289 390
1290 397
1291 357
1292 380
1293 360
1294 368
1295 372
1296 361
1297 374
1298 375
1299 366
1300 372
1301 349
1302 356
1303 365
1304 361
1305 395
1306 362
1307 384
1308 393
1309 373
1310 378
1311 432
1312 393
1313 362
1314 393
1315 368
1316 419
1317 420
1318 396
1319 368
1320 361
1321 403
1322 383
1323 407
1324 442
1325 416
1326 395
1327 378
1328 404
1329 379
1330 401
1331 411
1332 403
1333 406
1334 398
1335 444
1336 396
1337 421
1338 406
1339 395
1340 397
1341 393
1342 422
1343 399
1344 406
1345 411
1346 410
1347 414
1348 421
1349 423
1350 425
1351 415
1352 423
1353 411
1354 436
1355 401
1356 428
1357 385
1358 356
1359 417
1360 385
1361 391
1362 394
1363 389
1364 409
1365 398
1366 418
1367 417
1368 394
1369 397
1370 403
1371 419
1372 406
1373 394
1374 398
1375 413
1376 415
1377 392
1378 414
1379 431
1380 411
1381 404
1382 400
1383 412
1384 367
1385 389
1386 408
1387 388
1388 400
1389 415
1390 403
1391 441
1392 393
1393 418
1394 373
1395 435
1396 382
1397 400
1398 352
1399 385
1400 399
1401 388
1402 374
1403 384
1404 417
1405 370
1406 407
1407 411
1408 360
1409 382
1410 398
1411 378
1412 384
1413 378
1414 379
1415 407
1416 395
1417 415
1418 379
1419 389
1420 400
1421 405
1422 381
1423 368
1424 362
1425 401
1426 387
1427 403
1428 372
1429 396
1430 375
1431 386
1432 422
1433 381
1434 401
1435 400
1436 376
1437 426
1438 407
1439 404
1440 418
1441 418
1442 417
1443 418
1444 428
1445 424
1446 420
1447 446
1448 450
1449 422
1450 423
1451 412
1452 440
1453 436
1454 447
1455 423
1456 434
1457 476
1458 414
1459 421
1460 435
1461 442
1462 443
1463 422
1464 398
1465 436
1466 430
1467 402
1468 428
1469 405
1470 408
1471 425
1472 415
1473 401
1474 410
1475 439
1476 382
1477 394
1478 405
1479 397
1480 395
1481 415
1482 364
1483 408
1484 425
1485 406
1486 394
1487 384
1488 358
1489 404
1490 407
1491 419
1492 377
1493 369
1494 375
1495 425
1496 384
1497 391
1498 395
1499 398
1500 409
1501 411
1502 381
1503 389
1504 406
1505 412
1506 406
1507 428
1508 408
1509 410
1510 416
1511 397
1512 410
1513 427
1514 414
1515 396
1516 398
1517 368
1518 361
1519 366
1520 354
1521 393
1522 384
1523 347
1524 379
1525 380
1526 382
1527 345
1528 367
1529 366
1530 357
1531 376
1532 357
1533 356
1534 327
1535 369
1536 351
1537 341
1538 364
1539 387
1540 336
1541 337
1542 363
1543 347
1544 334
1545 370
1546 338
1547 328
1548 370
1549 309
1550 338
1551 339
1552 325
1553 312
1554 340
1555 318
1556 328
1557 332
1558 325
1559 307
1560 304
1561 308
1562 325
1563 290
1564 313
1565 276
1566 316
1567 279
1568 290
1569 269
1570 280
1571 266
1572 285
1573 313
1574 298
1575 264
1576 286
1577 296
1578 295
1579 282
1580 293
1581 281
1582 249
1583 282
1584 258
1585 258
1586 269
1587 254
1588 271
1589 298
1590 255
1591 288
1592 269
1593 297
1594 291
1595 258
1596 251
1597 289
1598 261
1599 257
1600 240
1601 267
1602 262
1603 271
1604 229
1605 259
1606 258
1607 237
1608 276
1609 249
1610 234
1611 260
1612 219
1613 266
1614 281
1615 240
1616 255
1617 224
1618 253
1619 218
1620 228
1621 219
1622 249
1623 232
1624 239
1625 237
1626 257
1627 252
1628 228
1629 254
1630 210
1631 222
1632 215
1633 208
1634 252
1635 217
1636 230
1637 270
1638 222
1639 249
1640 225
1641 201
1642 220
1643 270
1644 241
1645 218
1646 229
1647 225
1648 238
1649 198
1650 220
1651 218
1652 228
1653 236
1654 229
1655 204
1656 207
1657 224
1658 230
1659 212
1660 226
1661 205
1662 253
1663 236
1664 224
1665 253
1666 219
1667 227
1668 234
1669 261
1670 245
1671 232
1672 224
1673 269
1674 244
1675 250
1676 244
1677 250
1678 228
1679 228
1680 230
1681 241
1682 216
1683 226
1684 236
1685 194
1686 230
1687 224
1688 198
1689 214
1690 237
1691 232
1692 231
1693 224
1694 245
1695 220
1696 217
1697 214
1698 219
1699 252
1700 217
1701 250
1702 253
1703 275
1704 255
1705 228
1706 223
1707 233
1708 220
1709 236
1710 229
1711 237
1712 231
1713 222
1714 240
1715 270
1716 232
1717 275
1718 240
1719 246
1720 241
1721 234
1722 275
1723 250
1724 256
1725 214
1726 231
1727 243
1728 237
1729 221
1730 215
1731 221
1732 242
1733 222
1734 214
1735 248
1736 229
1737 230
1738 219
1739 223
1740 216
1741 238
1742 226
1743 225
1744 205
1745 187
1746 209
1747 189
1748 213
1749 192
1750 174
1751 204
1752 204
1753 213
1754 198
1755 183
1756 192
1757 195
1758 199
1759 188
1760 195
1761 183
1762 195
1763 205
1764 190
1765 176
1766 213
1767 215
1768 217
1769 197
1770 229
1771 202
1772 212
1773 205
1774 218
1775 226
1776 214
1777 215
1778 243
1779 248
1780 242
1781 221
1782 225
1783 172
1784 213
1785 231
1786 193
1787 199
1788 263
1789 205
1790 216
1791 215
1792 224
1793 211
1794 227
1795 215
1796 204
1797 268
1798 237
1799 221
1800 229
1801 205
1802 231
1803 241
1804 256
1805 234
1806 207
1807 247
1808 198
1809 232
1810 236
1811 244
1812 233
1813 265
1814 231
1815 226
1816 251
1817 256
1818 236
1819 254
1820 221
1821 253
1822 255
1823 265
1824 236
1825 266
1826 231
1827 247
1828 225
1829 221
1830 257
1831 225
1832 238
1833 244
1834 229
1835 218
1836 212
1837 228
1838 200
1839 216
1840 217
1841 190
1842 228
1843 245
1844 267
1845 254
1846 225
1847 245
1848 250
1849 286
1850 252
1851 243
1852 266
1853 235
1854 275
1855 256
1856 272
1857 242
1858 240
1859 238
1860 245
1861 239
1862 249
1863 229
1864 258
1865 255
1866 237
1867 229
1868 247
1869 220
1870 233
1871 226
1872 223
1873 237
1874 256
1875 256
1876 247
1877 263
1878 252
1879 259
1880 235
1881 233
1882 238
1883 242
1884 252
1885 215
1886 241
1887 219
1888 217
1889 212
1890 210
1891 242
1892 208
1893 220
1894 207
1895 241
1896 226
1897 220
1898 208
1899 187
1900 206
1901 218
1902 230
1903 197
1904 223
1905 235
1906 240
1907 235
1908 268
1909 237
1910 219
1911 227
1912 206
1913 211
1914 233
1915 222
1916 193
1917 200
1918 196
1919 199
1920 176
1921 195
1922 221
1923 205
1924 181
1925 159
1926 208
1927 192
1928 196
1929 205
1930 197
1931 206
1932 206
1933 240
1934 213
1935 219
1936 234
1937 220
1938 203
1939 224
1940 209
1941 186
1942 244
1943 215
1944 211
1945 197
1946 232
1947 222
1948 218
1949 223
1950 241
1951 244
1952 203
1953 250
1954 229
1955 221
1956 236
1957 262
1958 238
1959 251
1960 230
1961 241
1962 230
1963 251
1964 251
1965 237
1966 243
1967 255
1968 206
1969 247
1970 261
1971 258
1972 257
1973 253
1974 228
1975 224
1976 229
1977 244
1978 248
1979 236
1980 246
1981 243
1982 225
1983 232
1984 239
1985 264
1986 282
1987 294
1988 252
1989 302
1990 247
1991 266
1992 255
1993 250
1994 261
1995 225
1996 252
1997 218
1998 271
1999 278
2000 253
2001 279
2002 286
2003 273
2004 275
2005 241
2006 240
2007 255
2008 270
2009 265
2010 265
2011 266
2012 262
2013 283
2014 274
2015 267
2016 289
2017 262
2018 269
2019 303
2020 277
2021 261
2022 302
2023 250
2024 254
2025 267
2026 272
2027 262
2028 271
2029 240
2030 256
2031 277
2032 286
2033 272
2034 286
2035 268
2036 271
2037 285
2038 281
2039 274
2040 268
2041 247
2042 235
2043 263
2044 264
2045 260
2046 264
2047 274
2048 273
2049 239
2050 267
2051 262
2052 259
2053 246
2054 261
2055 266
2056 272
2057 262
2058 271
2059 293
2060 283
2061 280
2062 287
2063 280
2064 275
2065 266
2066 225
2067 242
2068 268
2069 263
2070 238
2071 233
2072 239
2073 269
2074 244
2075 262
2076 263
2077 261
2078 247
2079 248
2080 249
2081 252
2082 220
2083 227
2084 246
2085 248
2086 273
2087 255
2088 236
2089 235
2090 282
2091 267
2092 286
2093 238
2094 236
2095 255
2096 270
2097 286
2098 245
2099 246
2100 271
2101 269
2102 265
2103 243
2104 240
2105 286
2106 267
2107 273
2108 238
2109 282
2110 246
2111 231
2112 246
2113 211
2114 271
2115 249
2116 277
2117 247
2118 218
2119 284
2120 252
2121 257
2122 260
2123 264
2124 270
2125 298
2126 291
2127 247
2128 268
2129 296
2130 287
2131 288
2132 301
2133 265
2134 266
2135 285
2136 268
2137 296
2138 278
2139 275
2140 251
2141 277
2142 259
2143 268
2144 278
2145 259
2146 263
2147 287
2148 266
2149 288
2150 272
2151 263
2152 302
2153 274
2154 274
2155 267
2156 286
2157 285
2158 285
2159 234
2160 247
2161 268
2162 262
2163 264
2164 273
2165 273
2166 232
2167 257
2168 259
2169 221
2170 235
2171 256
2172 264
2173 262
2174 273
2175 270
2176 239
2177 285
2178 253
2179 297
2180 271
2181 281
2182 257
2183 258
2184 297
2185 254
2186 259
2187 254
2188 259
2189 253
2190 299
2191 273
2192 265
2193 294
2194 282
2195 290
2196 298
2197 260
2198 299
2199 258
2200 263
2201 270
2202 276
2203 248
2204 265
2205 283
2206 266
2207 266
2208 260
2209 262
2210 245
2211 267
2212 273
2213 277
2214 267
2215 270
2216 265
2217 285
2218 291
2219 278
2220 268
2221 267
2222 285
2223 274
2224 289
2225 286
2226 262
2227 303
2228 289
2229 281
2230 285
2231 300
2232 297
2233 273
2234 275
2235 297
2236 285
2237 248
2238 306
2239 276
2240 272
2241 303
2242 322
2243 284
2244 280
2245 311
2246 300
2247 300
2248 283
2249 301
2250 296
2251 295
2252 307
2253 275
2254 292
2255 279
2256 271
2257 300
2258 288
2259 275
2260 284
2261 298
2262 329
2263 306
2264 338
2265 340
2266 300
2267 299
2268 311
2269 277
2270 299
2271 324
2272 328
2273 302
2274 310
2275 337
2276 330
2277 258
2278 324
2279 343
2280 299
2281 302
2282 311
2283 312
2284 329
2285 333
2286 329
2287 326
2288 326
2289 306
2290 329
2291 329
2292 329
2293 305
2294 304
2295 335
2296 334
2297 311
2298 336
2299 345
2300 371
2301 342
2302 347
2303 352
2304 332
2305 328
2306 314
2307 321
2308 319
2309 329
2310 325
2311 338
2312 345
2313 311
2314 323
2315 316
2316 321
2317 348
2318 313
2319 327
2320 314
2321 316
2322 339
2323 293
2324 293
2325 319
2326 311
2327 307
2328 298
2329 298
2330 294
2331 336
2332 322
2333 295
2334 296
2335 312
2336 327
2337 289
2338 310
2339 327
2340 347
2341 282
2342 314
2343 277
2344 325
2345 292
2346 276
2347 295
2348 326
2349 290
2350 317
2351 306
2352 342
2353 296
2354 318
2355 315
2356 288
2357 303
2358 312
2359 327
2360 338
2361 347
2362 325
2363 323
2364 316
2365 316
2366 349
2367 378
2368 346
2369 350
2370 317
2371 302
2372 306
2373 329
2374 299
2375 329
2376 342
2377 314
2378 333
2379 338
2380 340
2381 324
2382 313
2383 309
2384 319
2385 322
2386 335
2387 309
2388 328
2389 316
2390 325
2391 317
2392 335
2393 308
2394 314
2395 332
2396 324
2397 323
2398 285
2399 331
2400 322
2401 320
2402 324
2403 303
2404 289
2405 325
2406 291
2407 310
2408 305
2409 378
2410 347
2411 357
2412 324
2413 326
2414 356
2415 292
2416 320
2417 338
2418 332
2419 326
2420 340
2421 304
2422 333
2423 311
2424 351
2425 341
2426 334
2427 340
2428 303
2429 340
2430 335
2431 355
2432 358
2433 337
2434 316
2435 309
2436 347
2437 375
2438 307
2439 355
2440 346
2441 333
2442 328
2443 314
2444 318
2445 350
2446 335
2447 343
2448 341
2449 345
2450 354
2451 339
2452 345
2453 357
2454 321
2455 340
2456 338
2457 341
2458 333
2459 326
2460 296
2461 326
2462 288
2463 312
2464 337
2465 307
2466 322
2467 302
2468 293
2469 297
2470 310
2471 320
2472 298
2473 312
2474 295
2475 309
2476 294
2477 278
2478 289
2479 293
2480 304
2481 291
2482 285
2483 278
2484 310
2485 296
2486 299
2487 322
2488 284
2489 299
2490 289
2491 278
2492 292
2493 305
2494 297
2495 272
2496 290
2497 268
2498 291
2499 289
2500 283
2501 289
2502 302
2503 309
2504 275
2505 290
2506 306
2507 303
2508 277
2509 327
2510 288
2511 297
2512 306
2513 281
2514 315
2515 301
2516 304
2517 284
2518 302
2519 273
2520 320
2521 278
2522 290
2523 270
2524 291
2525 270
2526 269
2527 285
2528 295
2529 306
2530 299
2531 273
2532 306
2533 270
2534 306
2535 277
2536 326
2537 280
2538 298
2539 310
2540 288
2541 275
2542 292
2543 281
2544 281
2545 300
2546 275
2547 295
2548 290
2549 303
2550 307
2551 306
2552 283
2553 296
2554 274
2555 278
2556 274
2557 302
2558 276
2559 327
2560 265
2561 286
2562 291
2563 281
2564 311
2565 291
2566 305
2567 274
2568 271
2569 263
2570 301
2571 265
2572 294
2573 287
2574 258
2575 285
2576 263
2577 278
2578 292
2579 292
2580 282
2581 281
2582 281
2583 284
2584 281
2585 304
2586 286
2587 272
2588 247
2589 260
2590 271
2591 273
2592 254
2593 278
2594 242
2595 248
2596 278
2597 268
2598 297
2599 284
2600 284
2601 254
2602 267
2603 252
2604 295
2605 280
2606 278
2607 264
2608 276
2609 279
2610 274
2611 285
2612 262
2613 283
2614 267
2615 227
2616 258
2617 252
2618 243
2619 271
2620 279
2621 290
2622 289
2623 262
2624 281
2625 272
2626 282
2627 253
2628 228
2629 272
2630 288
2631 249
2632 271
2633 256
2634 270
2635 286
2636 290
2637 285
2638 291
2639 274
2640 260
2641 297
2642 233
2643 280
2644 292
2645 231
2646 281
2647 286
2648 275
2649 260
2650 292
2651 244
2652 271
2653 286
2654 255
2655 267
2656 285
2657 266
2658 261
2659 291
2660 289
2661 249
2662 295
2663 254
2664 286
2665 289
2666 265
2667 292
2668 253
2669 272
2670 276
2671 298
2672 265
2673 245
2674 255
2675 281
2676 246
2677 273
2678 275
2679 259
2680 253
2681 244
2682 250
2683 251
2684 230
2685 255
2686 261
2687 250
2688 275
2689 256
2690 254
2691 257
2692 250
2693 256
2694 234
2695 267
2696 250
2697 253
2698 271
2699 248
2700 244
2701 224
2702 257
2703 237
2704 218
2705 217
2706 221
2707 210
2708 193
2709 216
2710 218
2711 207
2712 227
2713 213
2714 217
2715 231
2716 229
2717 208
2718 216
2719 214
2720 196
2721 228
2722 246
2723 227
2724 242
2725 235
2726 223
2727 219
2728 246
2729 233
2730 228
2731 247
2732 209
2733 182
2734 234
2735 188
2736 196
2737 230
2738 243
2739 194
2740 256
2741 221
2742 216
2743 212
2744 253
2745 225
2746 180
2747 229
2748 228
2749 241
2750 215
2751 210
2752 231
2753 214
2754 205
2755 229
2756 237
2757 225
2758 237
2759 233
2760 223
2761 234
2762 199
2763 229
2764 211
2765 199
2766 193
2767 217
2768 212
2769 216
2770 234
2771 213
2772 224
2773 241
2774 218
2775 220
2776 222
2777 240
2778 262
2779 237
2780 240
2781 249
2782 263
2783 224
2784 253
2785 234
2786 235
2787 241
2788 296
2789 250
2790 250
2791 271
2792 262
2793 262
2794 250
2795 252
2796 271
2797 224
2798 220
2799 244
2800 270
2801 281
2802 239
2803 264
2804 260
2805 278
2806 270
2807 282
2808 256
2809 257
2810 251
2811 225
2812 254
2813 243
2814 231
2815 247
2816 246
2817 249
2818 272
2819 224
2820 234
2821 218
2822 228
2823 253
2824 237
2825 224
2826 229
2827 233
2828 215
2829 230
2830 249
2831 239
2832 206
2833 249
2834 227
2835 224
2836 232
2837 232
2838 236
2839 248
2840 257
2841 220
2842 255
2843 259
2844 273
2845 237
2846 247
2847 230
2848 257
2849 232
2850 216
2851 225
2852 230
2853 229
2854 237
2855 208
2856 232
2857 244
2858 233
2859 236
2860 246
2861 247
2862 236
2863 260
2864 252
2865 268
2866 250
2867 264
2868 233
2869 232
2870 234
2871 244
2872 216
2873 255
2874 245
2875 241
2876 249
2877 246
2878 225
2879 253
2880 261
2881 267
2882 244
2883 271
2884 295
2885 293
2886 279
2887 283
2888 313
2889 246
2890 243
2891 279
2892 253
2893 217
2894 272
2895 266
2896 266
2897 249
2898 229
2899 253
2900 239
2901 272
2902 262
2903 253
2904 235
2905 253
2906 250
2907 241
2908 230
2909 250
2910 248
2911 266
2912 265
2913 262
2914 255
2915 242
2916 272
2917 269
2918 245
2919 263
2920 240
2921 263
2922 252
2923 254
2924 258
2925 255
2926 247
2927 273
2928 277
2929 292
2930 254
2931 277
2932 276
2933 261
2934 275
2935 235
2936 261
2937 254
2938 250
2939 251
2940 289
2941 251
2942 241
2943 275
2944 265
2945 256
2946 270
2947 278
2948 294
2949 275
2950 306
2951 286
2952 288
2953 302
2954 287
2955 302
2956 317
2957 277
2958 318
2959 313
2960 308
2961 318
2962 331
2963 332
2964 325
2965 291
2966 315
2967 316
2968 330
2969 310
2970 282
2971 306
2972 306
2973 275
2974 307
2975 295
2976 298
2977 289
2978 292
2979 276
2980 287
2981 297
2982 293
2983 286
2984 262
2985 281
2986 265
2987 304
2988 291
2989 280
2990 300
2991 289
2992 311
2993 336
2994 297
2995 307
2996 252
2997 281
2998 278
2999 293
3000 240
3001 276
3002 240
3003 253
3004 279
3005 301
3006 281
3007 287
3008 248
3009 301
3010 274
3011 272
3012 266
3013 284
3014 271
3015 276
3016 263
3017 261
3018 248
3019 286
3020 259
3021 287
3022 296
3023 297
3024 256
3025 273
3026 243
3027 295
3028 248
3029 262
3030 280
3031 253
3032 268
3033 247
3034 256
3035 281
3036 272
3037 238
3038 253
3039 238
3040 262
3041 255
3042 252
3043 256
3044 240
3045 251
3046 263
3047 231
3048 257
3049 262
3050 271
3051 242
3052 227
3053 249
3054 261
3055 234
3056 255
3057 210
3058 254
3059 255
3060 263
3061 268
3062 246
3063 231
3064 193
3065 233
3066 255
3067 245
3068 212
3069 230
3070 221
3071 218
3072 196
3073 244
3074 222
3075 233
3076 254
3077 223
3078 227
3079 206
3080 213
3081 246
3082 234
3083 243
3084 249
3085 239
3086 231
3087 222
3088 227
3089 258
3090 226
3091 234
3092 226
3093 214
3094 226
3095 221
3096 206
3097 250
3098 219
3099 238
3100 222
3101 218
3102 193
3103 220
3104 225
3105 208
3106 198
3107 203
3108 242
3109 248
3110 226
3111 250
3112 207
3113 249
3114 246
3115 219
3116 225
3117 241
3118 231
3119 254
3120 243
3121 254
3122 223
3123 229
3124 262
3125 223
3126 256
3127 247
3128 285
3129 271
3130 248
3131 313
3132 270
3133 257
3134 257
3135 257
3136 277
3137 261
3138 259
3139 271
3140 275
3141 273
3142 286
3143 252
3144 265
3145 291
3146 262
3147 281
3148 288
3149 259
3150 272
3151 282
3152 296
3153 296
3154 280
3155 279
3156 256
3157 252
3158 261
3159 234
3160 254
3161 258
3162 259
3163 234
3164 256
3165 270
3166 255
3167 259
3168 280
3169 246
3170 263
3171 278
3172 272
3173 275
3174 303
3175 272
3176 276
3177 279
3178 293
3179 288
3180 283
3181 283
3182 273
3183 281
3184 314
3185 308
3186 294
3187 289
3188 286
3189 321
3190 297
3191 298
3192 287
3193 272
3194 222
3195 269
3196 273
3197 293
3198 263
3199 249
3200 278
3201 266
3202 288
3203 257
3204 252
3205 232
3206 279
3207 262
3208 292
3209 249
3210 281
3211 269
3212 278
3213 295
3214 296
3215 276
3216 298
3217 287
3218 301
3219 276
3220 295
3221 276
3222 270
3223 251
3224 297
3225 297
3226 267
3227 306
3228 277
3229 243
3230 292
3231 253
3232 255
3233 293
3234 268
3235 250
3236 257
3237 263
3238 264
3239 280
3240 291
3241 269
3242 307
3243 270
3244 284
3245 266
3246 274
3247 284
3248 308
3249 299
3250 286
3251 310
3252 319
3253 295
3254 304
3255 352
3256 332
3257 323
3258 344
3259 346
3260 325
3261 326
3262 306
3263 307
3264 325
3265 322
3266 322
3267 292
3268 308
3269 319
3270 300
3271 290
3272 293
3273 330
3274 310
3275 322
3276 305
3277 283
3278 278
3279 270
3280 331
3281 296
3282 297
3283 314
3284 307
3285 287
3286 315
3287 317
3288 320
3289 307
3290 320
3291 296
3292 314
3293 323
3294 323
3295 329
3296 325
3297 285
3298 327
3299 289
3300 303
3301 322
3302 318
3303 301
3304 326
3305 311
3306 295
3307 289
3308 291
3309 303
3310 284
3311 309
3312 313
3313 289
3314 288
3315 284
3316 300
3317 304
3318 290
3319 295
3320 312
3321 304
3322 271
3323 300
3324 290
3325 304
3326 284
3327 285
3328 295
3329 306
3330 285
3331 317
3332 308
3333 294
3334 321
3335 264
3336 277
3337 257
3338 275
3339 282
3340 282
3341 299
3342 308
3343 310
3344 269
3345 273
3346 297
3347 292
3348 266
3349 243
3350 293
3351 290
3352 268
3353 245
3354 279
3355 257
3356 271
3357 255
3358 300
3359 257
3360 268
3361 276
3362 285
3363 278
3364 283
3365 270
3366 292
3367 255
3368 240
3369 253
3370 273
3371 231
3372 263
3373 245
3374 229
3375 286
3376 278
3377 264
3378 260
3379 251
3380 259
3381 265
3382 245
3383 253
3384 219
3385 260
3386 244
3387 263
3388 250
3389 285
3390 253
3391 291
3392 267
3393 288
3394 262
3395 267
3396 264
3397 239
3398 303
3399 244
3400 266
3401 251
3402 275
3403 265
3404 267
3405 260
3406 263
3407 286
3408 262
3409 248
3410 277
3411 283
3412 299
3413 300
3414 252
3415 281
3416 317
3417 306
3418 288
3419 290
3420 295
3421 297
3422 305
3423 294
3424 288
3425 298
3426 263
3427 289
3428 279
3429 263
3430 300
3431 274
3432 307
3433 280
3434 304
3435 280
3436 290
3437 290
3438 245
3439 285
3440 271
3441 291
3442 278
3443 276
3444 278
3445 241
3446 272
3447 284
3448 281
3449 282
3450 266
3451 251
3452 267
3453 271
3454 286
3455 287
3456 256
3457 249
3458 251
3459 253
3460 289
3461 247
3462 233
3463 246
3464 258
3465 259
3466 260
3467 284
3468 287
3469 274
3470 265
3471 273
3472 279
3473 292
3474 285
3475 283
3476 285
3477 304
3478 276
3479 277
3480 287
3481 292
3482 286
3483 324
3484 284
3485 288
3486 326
3487 296
3488 289
3489 305
3490 289
3491 300
3492 318
3493 348
3494 319
3495 312
3496 349
3497 315
3498 310
3499 293
3500 320
3501 313
3502 305
3503 279
3504 271
3505 300
3506 283
3507 290
3508 255
3509 254
3510 275
3511 234
3512 249
3513 291
3514 250
3515 274
3516 272
3517 251
3518 288
3519 253
3520 265
3521 262
3522 296
3523 274
3524 273
3525 257
3526 270
3527 266
3528 244
3529 288
3530 252
3531 274
3532 299
3533 270
3534 257
3535 281
3536 325
3537 289
3538 276
3539 265
3540 338
3541 274
3542 274
3543 286
3544 284
3545 288
3546 309
3547 278
3548 275
3549 265
3550 268
3551 276
3552 286
3553 286
3554 263
3555 294
3556 270
3557 303
3558 265
3559 290
3560 313
3561 297
3562 320
3563 308
3564 324
3565 326
3566 333
3567 282
3568 303
3569 319
3570 328
3571 328
3572 303
3573 336
3574 302
3575 321
3576 348
3577 291
3578 325
3579 338
3580 327
3581 334
3582 342
3583 293
3584 317
3585 324
3586 283
3587 292
3588 294
3589 268
3590 259
3591 253
3592 301
3593 288
3594 286
3595 280
3596 291
3597 306
3598 318
3599 274
3600 311
3601 294
3602 312
3603 317
3604 326
3605 318
3606 312
3607 303
3608 288
3609 327
3610 307
3611 314
3612 311
3613 344
3614 323
3615 290
3616 345
3617 345
3618 319
3619 316
3620 322
3621 327
3622 295
3623 317
3624 289
3625 326
3626 294
3627 302
3628 322
3629 293
3630 299
3631 311
3632 312
3633 346
3634 299
3635 308
3636 301
3637 323
3638 287
3639 332
3640 296
3641 316
3642 327
3643 307
3644 311
3645 267
3646 295
3647 296
3648 310
3649 312
3650 315
3651 284
3652 269
3653 313
3654 293
3655 298
3656 294
3657 300
3658 281
3659 298
3660 287
3661 299
3662 323
3663 289
3664 273
3665 253
3666 288
3667 252
3668 267
3669 260
3670 262
3671 285
3672 275
3673 282
3674 245
3675 261
3676 265
3677 256
3678 262
3679 269
3680 261
3681 276
3682 272
3683 288
3684 262
3685 267
3686 247
3687 257
3688 242
3689 268
3690 250
3691 251
3692 239
3693 241
3694 243
3695 276
3696 259
3697 226
3698 254
3699 265
3700 247
3701 265
3702 219
3703 256
3704 207
3705 275
3706 225
3707 277
3708 236
3709 272
3710 239
3711 266
3712 254
3713 212
3714 239
3715 243
3716 242
3717 250
3718 211
3719 249
3720 233
3721 228
3722 224
3723 216
3724 230
3725 252
3726 233
3727 259
3728 256
3729 274
3730 242
3731 228
3732 261
3733 267
3734 245
3735 259
3736 259
3737 244
3738 269
3739 249
3740 254
3741 241
3742 255
3743 250
3744 228
3745 242
3746 245
3747 239
3748 231
3749 243
3750 248
3751 219
3752 238
3753 269
3754 241
3755 243
3756 245
3757 230
3758 270
3759 196
3760 248
3761 233
3762 269
3763 264
3764 243
3765 252
3766 239
3767 252
3768 237
3769 240
3770 269
3771 233
3772 237
3773 256
3774 253
3775 228
3776 216
3777 257
3778 253
3779 207
3780 250
3781 227
3782 208
3783 215
3784 204
3785 240
3786 217
3787 209
3788 229
3789 201
3790 188
3791 194
3792 189
3793 206
3794 225
3795 210
3796 217
3797 248
3798 230
3799 227
3800 213
3801 187
3802 213
3803 206
3804 192
3805 213
3806 204
3807 204
3808 201
3809 165
3810 216
3811 217
3812 191
3813 203
3814 211
3815 200
3816 213
3817 207
3818 227
3819 186
3820 204
3821 215
3822 193
3823 219
3824 209
3825 203
3826 189
3827 195
3828 184
3829 188
3830 181
3831 183
3832 189
3833 206
3834 185
3835 214
3836 220
3837 194
3838 173
3839 182
3840 180
3841 181
3842 164
3843 167
3844 165
3845 184
3846 160
3847 164
3848 163
3849 180
3850 185
3851 155
3852 168
3853 173
3854 167
3855 194
3856 201
3857 181
3858 232
3859 181
3860 178
3861 176
3862 172
3863 166
3864 169
3865 175
3866 195
3867 164
3868 166
3869 129
3870 134
3871 176
3872 173
3873 154
3874 170
3875 169
3876 156
3877 128
3878 181
3879 178
3880 171
3881 171
3882 178
3883 152
3884 187
3885 164
3886 190
3887 197
3888 180
3889 135
3890 168
3891 154
3892 183
3893 149
3894 160
3895 176
3896 150
3897 155
3898 152
3899 173
3900 198
3901 172
3902 184
3903 184
3904 169
3905 185
3906 156
3907 157
3908 154
3909 176
3910 170
3911 127
3912 133
3913 160
3914 154
3915 157
3916 131
3917 141
3918 152
3919 127
3920 152
3921 149
3922 195
3923 180
3924 201
3925 162
3926 153
3927 174
3928 153
3929 171
3930 162
3931 167
3932 153
3933 165
3934 180
3935 186
3936 180
3937 176
3938 166
3939 188
3940 200
3941 173
3942 186
3943 180
3944 162
3945 192
3946 183
3947 173
3948 178
3949 168
3950 173
3951 185
3952 180
3953 167
3954 154
3955 177
3956 195
3957 173
3958 175
3959 171
3960 168
3961 154
3962 153
3963 183
3964 192
3965 172
3966 177
3967 178
3968 181
3969 156
3970 177
3971 160
3972 169
3973 159
3974 201
3975 183
3976 203
3977 187
3978 173
3979 178
3980 173
3981 172
3982 161
3983 167
3984 158
3985 154
3986 132
3987 181
3988 198
3989 162
3990 168
3991 147
3992 169
3993 139
3994 151
3995 156
3996 161
3997 172
3998 156
3999 171
4000 153
4001 157
4002 139
4003 148
4004 187
4005 195
4006 165
4007 173
4008 143
4009 187
4010 163
4011 159
4012 169
4013 162
4014 195
4015 169
4016 162
4017 188
4018 154
4019 159
4020 179
4021 150
4022 172
4023 192
4024 147
4025 152
4026 174
4027 219
4028 190
4029 214
4030 178
4031 193
4032 207
4033 199
4034 183
4035 195
4036 196
4037 213
4038 189
4039 211
4040 200
4041 168
4042 190
4043 195
4044 163
4045 196
4046 195
4047 219
4048 202
4049 209
4050 186
4051 199
4052 189
4053 182
4054 178
4055 185
4056 190
4057 198
4058 206
4059 207
4060 205
4061 202
4062 192
4063 178
4064 207
4065 209
4066 196
4067 205
4068 191
4069 182
4070 202
4071 191
4072 194
4073 206
4074 192
4075 196
4076 179
4077 193
4078 244
4079 181
4080 208
4081 219
4082 193
4083 214
4084 204
4085 218
4086 206
4087 200
4088 217
4089 186
4090 216
4091 239
4092 209
4093 218
4094 223
4095 206
4096 249
4097 216
4098 211
4099 228
4100 236
4101 236
4102 258
4103 274
4104 281
4105 272
4106 253
4107 275
4108 237
4109 230
4110 238
4111 241
4112 220
4113 224
4114 243
4115 254
4116 215
4117 229
4118 205
4119 240
4120 245
4121 248
4122 230
4123 216
4124 229
4125 256
4126 232
4127 271
4128 245
4129 245
4130 227
4131 243
4132 259
4133 239
4134 253
4135 268
4136 264
4137 258
4138 248
4139 272
4140 273
4141 253
4142 292
4143 258
4144 256
4145 236
4146 246
4147 229
4148 259
4149 270
4150 250
4151 260
4152 218
4153 271
4154 254
4155 226
4156 255
4157 257
4158 238
4159 263
4160 258
4161 262
4162 240
4163 281
4164 213
4165 259
4166 273
4167 257
4168 261
4169 288
4170 274
4171 281
4172 234
4173 267
4174 263
4175 263
4176 251
4177 256
4178 246
4179 250
4180 254
4181 278
4182 278
4183 288
4184 252
4185 287
4186 267
4187 276
4188 268
4189 241
4190 247
4191 256
4192 224
4193 273
4194 269
4195 286
4196 256
4197 266
4198 290
4199 269
4200 251
4201 274
4202 307
4203 284
4204 256
4205 265
4206 275
4207 275
4208 284
4209 275
4210 270
4211 311
4212 275
4213 289
4214 263
4215 257
4216 281
4217 279
4218 288
4219 230
4220 281
4221 271
4222 294
4223 294
4224 275
4225 286
4226 290
4227 305
4228 304
4229 295
4230 279
4231 285
4232 279
4233 310
4234 288
4235 284
4236 321
4237 300
4238 278
4239 305
4240 306
4241 316
4242 349
4243 313
4244 285
4245 325
4246 323
4247 291
4248 342
4249 344
4250 327
4251 339
4252 302
4253 308
4254 347
4255 311
4256 321
4257 345
4258 346
4259 339
4260 304
4261 314
4262 327
4263 320
4264 333
4265 340
4266 339
4267 319
4268 339
4269 342
4270 332
4271 338
4272 337
4273 339
4274 304
4275 333
4276 317
4277 331
4278 316
4279 276
4280 348
4281 327
4282 308
4283 312
4284 345
4285 345
4286 335
4287 322
4288 335
4289 325
4290 324
4291 321
4292 339
4293 324
4294 331
4295 349
4296 315
4297 332
4298 321
4299 321
4300 320
4301 325
4302 339
4303 319
4304 312
4305 332
4306 324
4307 335
4308 325
4309 332
4310 303
4311 326
4312 342
4313 316
4314 296
4315 318
4316 356
4317 314
4318 304
4319 302
4320 292
4321 308
4322 325
4323 323
4324 308
4325 306
4326 304
4327 330
4328 301
4329 315
4330 327
4331 318
4332 313
4333 311
4334 330
4335 306
4336 356
4337 323
4338 331
4339 324
4340 318
4341 281
4342 334
4343 317
4344 323
4345 315
4346 285
4347 323
4348 311
4349 323
4350 314
4351 328
4352 318
4353 312
4354 299
4355 316
4356 300
4357 319
4358 308
4359 325
4360 333
4361 282
4362 307
4363 332
4364 319
4365 329
4366 336
4367 328
4368 351
4369 335
4370 313
4371 310
4372 324
4373 308
4374 344
4375 316
4376 318
4377 345
4378 339
4379 331
4380 329
4381 324
4382 301
4383 336
4384 335
4385 336
4386 328
4387 320
4388 340
4389 327
4390 336
4391 346
4392 341
4393 335
4394 344
4395 324
4396 335
4397 330
4398 335
4399 342
4400 320
4401 324
4402 329
4403 326
4404 324
4405 355
4406 337
4407 355
4408 349
4409 334
4410 364
4411 347
4412 337
4413 324
4414 296
4415 331
4416 347
4417 309
4418 341
4419 326
4420 341
4421 352
4422 341
4423 323
4424 339
4425 314
4426 353
4427 350
4428 360
4429 338
4430 356
4431 339
4432 355
4433 368
4434 378
4435 341
4436 347
4437 362
4438 358
4439 354
4440 338
4441 354
4442 380
4443 347
4444 345
4445 337
4446 355
4447 366
4448 353
4449 357
4450 362
4451 355
4452 357
4453 348
4454 359
4455 359
4456 337
4457 344
4458 339
4459 364
4460 355
4461 340
4462 355
4463 354
4464 377
4465 354
4466 374
4467 377
4468 373
4469 342
4470 374
4471 389
4472 367
4473 394
4474 349
4475 398
4476 424
4477 380
4478 410
4479 352
4480 398
4481 376
4482 371
4483 371
4484 369
4485 372
4486 385
4487 384
4488 388
4489 389
4490 405
4491 398
4492 383
4493 396
4494 363
4495 391
4496 390
4497 379
4498 374
4499 406
4500 411
4501 400
4502 374
4503 381
4504 374
4505 370
4506 366
4507 382
4508 378
4509 381
4510 383
4511 368
4512 363
4513 355
4514 345
4515 350
4516 366
4517 378
4518 367
4519 381
4520 381
4521 376
4522 372
4523 347
4524 391
4525 392
4526 362
4527 406
4528 404
4529 366
4530 360
4531 359
4532 366
4533 385
4534 398
4535 378
4536 366
4537 380
4538 336
4539 381
4540 366
4541 344
4542 357
4543 376
4544 358
4545 370
4546 359
4547 350
4548 368
4549 360
4550 358
4551 376
4552 369
4553 353
4554 386
4555 353
4556 365
4557 350
4558 350
4559 346
4560 377
4561 373
4562 370
4563 326
4564 350
4565 359
4566 357
4567 354
4568 354
4569 351
4570 362
4571 347
4572 360
4573 356
4574 352
4575 328
4576 322
4577 379
4578 347
4579 348
4580 343
4581 363
4582 358
4583 349
4584 354
4585 327
4586 346
4587 330
4588 334
4589 316
4590 287
4591 325
4592 316
4593 309
4594 333
4595 335
4596 334
4597 332
4598 330
4599 319
4600 293
4601 294
4602 329
4603 327
4604 339
4605 290
4606 325
4607 318
4608 330
4609 326
4610 350
4611 335
4612 322
4613 345
4614 334
4615 362
4616 346
4617 323
4618 324
4619 359
4620 324
4621 356
4622 340
4623 365
4624 343
4625 329
4626 318
4627 332
4628 333
4629 317
4630 331
4631 338
4632 342
4633 302
4634 324
4635 308
4636 291
4637 315
4638 313
4639 309
4640 328
4641 336
4642 330
4643 314
4644 323
4645 325
4646 315
4647 307
4648 336
4649 312
4650 329
4651 347
4652 327
4653 305
4654 312
4655 330
4656 329
4657 326
4658 336
4659 324
4660 329
4661 319
4662 324
4663 335
4664 312
4665 332
4666 323
4667 336
4668 335
4669 344
4670 338
4671 344
4672 312
4673 340
4674 321
4675 348
4676 345
4677 331
4678 324
4679 342
4680 328
4681 314
4682 305
4683 323
4684 292
4685 309
4686 308
4687 300
4688 310
4689 301
4690 293
4691 270
4692 313
4693 286
4694 305
4695 289
4696 296
4697 286
4698 287
4699 313
4700 281
4701 261
4702 312
4703 297
4704 280
4705 291
4706 290
4707 326
4708 291
4709 298
4710 314
4711 293
4712 294
4713 298
4714 327
4715 319
4716 281
4717 319
4718 294
4719 328
4720 312
4721 311
4722 264
4723 297
4724 299
4725 316
4726 292
4727 286
4728 314
4729 276
4730 291
4731 294
4732 270
4733 296
4734 278
4735 274
4736 288
4737 267
4738 280
4739 236
4740 254
4741 266
4742 256
4743 250
4744 277
4745 250
4746 251
4747 232
4748 258
4749 246
4750 250
4751 282
4752 245
4753 264
4754 273
4755 296
4756 280
4757 247
4758 261
4759 266
4760 229
4761 266
4762 269
4763 269
4764 267
4765 253
4766 255
4767 248
4768 239
4769 269
4770 262
4771 254
4772 261
4773 260
4774 276
4775 265
4776 261
4777 243
4778 251
4779 242
4780 282
4781 242
4782 252
4783 235
4784 238
4785 245
4786 249
4787 230
4788 253
4789 229
4790 239
4791 215
4792 231
4793 237
4794 233
4795 219
4796 229
4797 234
4798 228
4799 235
4800 244
4801 252
4802 257
4803 254
4804 217
4805 227
4806 194
4807 231
4808 224
4809 245
4810 227
4811 227
4812 217
4813 254
4814 237
4815 215
4816 227
4817 239
4818 237
4819 212
4820 247
4821 241
4822 239
4823 224
4824 224
4825 252
4826 230
4827 235
4828 227
4829 263
4830 232
4831 254
4832 251
4833 247
4834 254
4835 230
4836 229
4837 255
4838 279
4839 245
4840 268
4841 239
4842 243
4843 268
4844 243
4845 268
4846 271
4847 238
4848 246
4849 245
4850 283
4851 249
4852 232
4853 238
4854 256
4855 251
4856 246
4857 248
4858 277
4859 272
4860 280
4861 249
4862 254
4863 255
4864 276
4865 234
4866 258
4867 269
4868 248
4869 238
4870 266
4871 237
4872 242
4873 240
4874 246
4875 259
4876 258
4877 249
4878 248
4879 258
4880 260
4881 244
4882 249
4883 253
4884 224
4885 242
4886 250
4887 255
4888 289
4889 275
4890 279
4891 266
4892 254
4893 244
4894 244
4895 257
4896 282
4897 265
4898 248
4899 263
4900 275
4901 270
4902 289
4903 277
4904 273
4905 257
4906 268
4907 268
4908 268
4909 283
4910 267
4911 293
4912 255
4913 264
4914 251
4915 267
4916 274
4917 241
4918 267
4919 281
4920 271
4921 268
4922 250
4923 263
4924 256
4925 267
4926 286
4927 268
4928 268
4929 260
4930 295
4931 251
4932 279
4933 273
4934 298
4935 273
4936 285
4937 294
4938 281
4939 274
4940 267
4941 280
4942 275
4943 299
4944 267
4945 318
4946 283
4947 321
4948 290
4949 281
4950 297
4951 335
4952 284
4953 297
4954 281
4955 299
4956 283
4957 306
4958 281
4959 291
4960 317
4961 326
4962 307
4963 320
4964 333
4965 295
4966 317
4967 322
4968 322
4969 317
4970 335
4971 304
4972 308
4973 300
4974 320
4975 315
4976 315
4977 274
4978 308
4979 319
4980 291
4981 328
4982 310
4983 322
4984 291
4985 294
4986 305
4987 291
4988 286
4989 290
4990 306
4991 291
4992 318
4993 308
4994 323
4995 314
4996 285
4997 295
4998 307
4999 291
