2000

34.69651167742815  114.68161035783957  16
25.137031921562212  196.4022532236036  16
48.48694845249762  148.70650552830432  8
83.35548447017212  150.9661893675919  160
52.229703677312614  155.38267870676066  130
48.16169872957321  133.45659667455118  136
27.11980517241346  120.48115478851422  16
87.65855567248667  22.065518230359547  1
23.890691295717406  147.79588175511861  32
14.283167299984612  173.26038586057294  132
70.21948867924014  175.31946151270557  32
45.30314102963798  97.9297342214602  4
85.19937371208343  113.94964367779116  130
18.72907440206189  76.9153212625411  130
57.33847551791204  62.89485170440898  8
11.296455101894198  45.96767654697615  8
30.341454763886897  12.861637349745859  16
82.73033763827391  102.3348833283024  4
83.53390436708588  24.11986859664581  144
51.13142752736293  186.56979672699094  144
67.50014248975407  22.146590680034496  160
72.13585992122044  114.8603898732392  4
27.41449800406592  104.21026765834496  144
90.2996914917232  124.72242461009611  132
37.475333374534976  2.715423270180951  2
37.62399407102839  97.67058395523624  1
59.05112261729845  117.3181681044516  16
83.06784773164101  45.305302931675584  132
56.606535418354476  194.23792571162812  160
77.18627599972008  77.64614576607978  1
53.018793473846834  73.71342193907616  2
36.76742996843259  6.965457913290649  132
43.068419533152756  73.41269006434527  2
77.3847498404644  82.52251409080566  136
71.85854227095969  74.32157668550896  1
30.473549726879998  52.8296912101067  129
41.828470093015845  158.66917629890156  4
75.10181754691042  102.45311712310874  8
21.524179755010092  138.43461333614985  136
47.73320360728718  183.70827725942684  1
12.834743974568598  166.38358184808308  130
97.58259145400285  77.70475499831183  1
7.689243694706483  166.34113191187595  132
31.782536091803802  127.02378503908429  32
98.67897225500562  173.9883823198763  130
82.1290394031808  148.54303608281734  16
19.956975995980446  33.87524986787943  136
69.56169995567396  150.0048691594075  16
87.02092434174784  86.36598705581216  144
32.71103878606931  17.414097593604772  8
80.32005761236661  121.32004290261617  130
61.888498317613134  121.22857476514413  132
84.88704101914672  17.95300426533973  129
57.09650251695119  2.846450710138484  132
34.246278223177555  165.82168505823861  160
82.40486872366772  193.90757693595148  132
83.96250622719268  103.57727625108839  1
24.814342651640434  90.23254483826837  132
43.97698390496644  32.45475334940062  130
52.31769100361248  45.839140138488965  144
56.438858430275246  55.70808470698908  129
46.39967371347961  138.32951088058252  130
49.88628099177537  153.58145385925974  32
68.8386602537743  167.7760460829302  129
87.23028711845862  13.430287946294742  132
23.905331586624452  19.645484145754327  4
54.36657728035186  3.4797280201126064  160
11.60071593858364  124.71718882768238  16
41.23736100176772  183.67324869280768  129
61.0121021307308  190.07364191836615  130
16.767748500577877  79.70558044686778  132
38.02725310927512  125.09085533784261  160
81.06015745743188  184.03667415845013  4
19.170534167987196  77.20150673937125  130
65.56488961376606  77.43877420855989  2
13.335558505299916  3.415552057077048  32
1.6918831542035213  149.27912419344472  8
42.71093203350728  136.41991851552032  136
54.24234760178271  12.812658252155998  8
14.388137039611411  185.92394012482873  132
31.334298820322662  33.019421443937794  8
13.600686237999849  167.9988703759359  144
61.278815153444086  101.12421083861373  32
24.772087736014225  43.31159604403538  32
24.435582706152573  180.40502053017087  32
56.63003296274829  39.04454840467616  144
84.58638100280105  104.23272659625225  160
84.8006287698769  18.033759071964774  160
1.5407932976266103  34.410340369595716  129
4.8633027060040845  62.073241837082854  16
79.65184807398133  137.72453595573754  4
41.455893868657725  88.0978421972181  1
90.2105608119623  69.49216864793732  132
91.60980296032704  26.746595888076932  129
59.920413640798365  61.41149470045292  8
69.67390690168162  11.410003274196814  16
63.94505701635756  196.1628523612165  2
49.78226469100316  95.60529694353299  4
73.02835759094778  68.78095209060304  2
48.8789826564038  11.466816205940152  2
26.33847104000123  171.53225498761876  132
15.821273604603395  54.600112030886834  136
79.06048177191907  35.21500662504339  129
8.928507878615747  154.37350199106558  130
95.00296646019174  148.19084967170872  136
2.466671915126918  75.25119260985751  4
34.827930179595  139.95649378463057  32
33.98784034353391  158.68911774613213  4
3.043752848723397  168.45224060257252  16
56.26121934422205  198.5289433801541  129
66.55022873184025  183.50958168298996  136
20.772902133200223  89.49305215369982  32
50.75425955470438  57.90623809320559  16
74.50214130936104  131.61278238918172  130
87.02739684191414  178.92501430030123  132
94.79608557314309  103.85150338864207  160
98.34688108929436  110.43606586392156  2
14.193217800674176  36.126203270094294  144
63.11731642536421  158.837693670779  16
15.279802296040812  70.57594263172577  130
57.95639497401804  46.20571042331921  132
54.65317763398436  144.50122720486337  132
66.78419993540568  38.86198438892765  136
77.25723118788513  97.48724497690526  130
52.97941538889952  52.026223465662916  2
87.52409137114233  108.54109129658691  160
5.012591475009155  6.775144700300505  4
98.1092159592753  112.97514873464976  8
93.81049686810184  104.39583293904256  130
85.75233859712485  129.39061670100037  129
36.233670729486526  176.42140883625137  129
20.88007962741306  77.3070434894728  8
97.09437651259053  44.70128691638782  132
12.390928825094553  118.51406032782275  4
74.17131362301502  111.27886026772528  129
68.03494631941572  70.71478103021731  32
89.66145321996925  55.30401071669168  8
34.187196320205466  188.8631263606882  130
49.4916012490532  147.12226931566858  160
22.662672352035866  114.28172747443124  136
1.3961760425818692  134.06063930017376  160
6.885398799125461  148.58138697319248  1
8.848979549957809  65.74862848889951  160
29.881338723247275  146.8196186558514  32
13.217666622978964  162.620341521804  132
83.43703215073297  92.93334225092863  160
92.30096960945811  52.337148820683296  8
71.07120504316136  112.33577082839464  129
12.62214413967817  98.12367601821411  129
59.16704814044188  56.7768962188695  4
26.118519101637  139.52249291058394  1
97.57653060036498  133.63667725138026  130
64.4291274424454  51.81049702643163  136
3.4728503840331837  71.88545677512796  144
68.67577890908282  188.25806312489217  8
43.780263626521105  108.87551229809873  1
32.99893109172854  13.636544223764105  16
57.02207306468613  7.138659567569706  2
55.84086753244057  195.42962449993064  130
94.19614767161484  60.82266496079477  2
7.812798408136019  186.00771683282548  32
12.12786946533472  104.77190842805048  144
35.30595540510319  108.3100538141228  8
84.91350312829172  65.55822625219164  136
46.05434515305633  129.68592374517922  1
5.63889214133783  42.75065225511699  1
5.548063024472623  183.66830874118395  132
33.562572968839305  178.9954661793374  32
3.5487651694172198  170.44251204351048  1
11.801083838889136  101.38319217767736  2
43.52607588452735  156.8603534028634  130
35.701378957755274  138.41992683528971  132
80.91613907811492  51.078013614320184  129
14.662679031092784  72.36582159588505  130
10.805617818689141  122.03661217275155  129
45.55364757131059  71.29041114558994  4
78.52673009386552  28.252322223165685  16
98.97791269848342  177.3942311320413  2
39.731086523985006  131.489609767148  4
26.852478754128246  94.47618522093798  32
97.76510035652723  136.77406080882565  32
70.73061683677811  73.88345851752938  2
68.83567013454515  102.82848254985626  129
61.07172264829324  31.18954140359893  144
94.9831474120036  33.53797152487721  16
19.226809438550315  46.18062069584812  32
57.18666482582442  94.13550042652564  130
84.97191957960604  198.0307002721376  136
87.8513504962664  21.898139599197023  132
44.39491220773172  196.064843355434  8
19.114308509913805  159.51129721841068  16
89.64940779968812  58.82049658772911  129
15.333135212447363  174.11467083418816  1
20.4522555622094  55.08783939941207  130
38.412032133150305  112.9740799295524  144
2.562845673614778  33.737039714564375  160
64.1997917415505  158.96552406691077  130
25.28013208018645  33.23453605995726  4
90.21468349397712  78.12522747349907  136
22.141633486872475  34.65808600231976  1
46.46204883498367  188.78443934078422  4
17.175629809629427  195.73088337867551  1
15.863660395120261  166.65709946338757  130
21.372950763448962  49.23674796048987  8
68.1873191355893  177.09632287136915  160
85.94407923815726  143.9814133864177  1
7.3497017693689015  2.5171060117751605  2
42.65614623917859  149.0144216890166  1
80.35241509298918  104.91393631608057  1
71.8036472907616  117.23848672327077  16
84.59418855711431  194.8768659273321  2
59.5116151475151  67.5609647442875  16
23.57369895212743  126.54584007955451  160
12.791798329919855  186.8049874935184  129
36.02702303237169  110.21624499527478  130
30.408895601977257  66.88835205406292  160
44.606385293721466  83.86307278190783  8
3.9679769990351526  85.24661858226477  1
48.69699281584884  124.37037145135602  2
12.410158236031284  161.66910403550335  136
4.608218971346139  42.17715189209689  130
46.14491822400906  99.93555880582306  130
81.06106224082569  153.72743393496978  8
11.365839114891635  78.90007401972504  32
70.543079710852  65.65791333180555  32
81.72660336643214  141.0965919160184  2
55.16358462920622  107.88698271103837  132
5.416493273951192  161.87894674875835  129
28.23841038116673  50.369726389487944  144
20.721197998601724  23.505280955479922  136
70.9964013638466  129.96186836087628  160
44.06785283940705  155.04020236201245  132
30.106200598012048  29.564831396806913  32
97.01242071286646  122.18381213735279  32
58.879259759142165  116.53101988371182  4
69.51937260446628  16.14988040335127  1
17.927734392029542  44.23202582575313  129
54.46957851211755  151.40532930939077  4
18.969540745429665  151.6773934319684  132
50.5619319130802  33.94786198536227  160
62.97330967925576  16.888661316567273  132
77.90379301305289  60.68292534003562  32
65.00476410905402  147.81871582272544  129
5.317217967854605  101.92590393424474  1
32.06071086650958  113.1801236512668  32
96.31573663978031  195.42558712407447  160
7.273607566696051  29.123926575721395  2
23.586300887727273  6.918428007186024  160
91.89569142865847  77.72927854346837  136
64.39118163197278  86.5610432432229  32
58.42503869002837  42.85295599559202  4
72.81298457611294  117.42617223717602  4
49.42968092217411  56.70492425704707  2
53.91518025067229  175.29023417674594  16
2.1939251046118953  49.38728092609622  136
4.770794610441957  24.38770384764041  136
39.12785629400541  83.24895038931905  1
76.31404499137447  88.16944117697231  4
95.8906397854931  14.44355095204318  16
81.70320743983177  156.23418570522293  16
21.692203644532437  89.54339859265968  132
42.90880288729598  88.40608508083345  1
46.40215604888493  22.869606115216108  136
14.323022411943553  87.55566807691041  32
87.48090182925004  125.14809456626918  1
24.68495025302822  165.23952308287053  16
76.75664352340628  131.0610600353067  136
73.63183271389796  141.2579773158687  129
19.831859840110848  170.50936093745938  144
40.87904420614083  149.88336358376282  136
90.1470342332318  176.17820148341386  8
85.59904179450719  78.90003223190013  16
32.51313619931162  149.1579792847335  8
60.35555255547937  96.59562257999721  144
72.78822783425824  43.44262312033418  160
23.771434769805385  143.652852172194  2
45.136194320089885  63.97318731616651  32
24.36951214491072  124.9182037169572  130
88.10954517234244  51.78646495273243  32
76.30284167868712  73.71687197016134  130
76.39109567579949  125.98976860237724  132
30.25518228254312  4.1984117208214755  144
28.94590617681712  176.97901169155645  16
29.956084398674065  101.77716209496637  129
34.268949875841  2.627814935120739  144
23.104490828994713  123.102317565882  144
92.4974589915024  24.642581252626805  4
62.74285468489162  90.70272223478024  132
86.64630610892169  167.69063661173905  32
20.91348802285102  31.098009705255855  129
21.387704443720345  30.02037306268774  136
5.661303905713991  138.0719148766965  130
78.03964688940893  58.90963604961041  129
26.177385607351006  133.38607562862686  136
84.5767077917159  194.52901541685424  132
42.982248372917205  45.692763268821906  136
27.803853020339563  158.0957788460927  129
72.31162645006043  18.927618541606442  160
36.16788300972336  90.97790295919908  2
36.911257772572185  111.23479988809095  130
8.18731886537305  194.72003456414134  32
66.48012142255615  56.292513808506435  130
25.27800409444501  182.1193805299229  8
63.353513315000754  22.633308394809628  130
28.643857956171132  122.97412620906702  144
21.749778178285737  43.302662880893294  129
48.58068641688166  40.98829019347851  132
35.17795595919401  58.070813298781644  129
68.82383956148307  101.61098350159565  4
38.105876924871005  2.557907568293698  129
10.188769297308228  48.03966360469964  1
64.14522244874655  15.847962863753615  132
23.255821348935218  132.4459796244444  129
28.076115970488267  162.01151858372634  1
98.60343407292353  23.415747595476887  129
5.317019746797255  84.63888351388668  2
34.424074519140596  64.99525844079095  32
9.929131389676417  119.20355566324267  2
29.275707220091952  39.70539512868121  132
75.23381365707917  65.1985367125216  129
29.946424910403977  145.2379069725602  32
64.24090224658627  138.06230803454952  160
46.10206417844447  77.81073583275209  16
87.24174996414665  128.07331854349826  144
18.59442029424764  190.5397245510155  16
29.79635431374841  68.27607817943753  8
20.86990718761867  118.6746432278054  1
74.55599098888472  21.487824700629115  16
67.1672002941422  94.88265498026628  2
20.286394764467797  64.12854984667524  4
23.944330821913454  195.47849841773896  132
85.94154337939801  159.46997775382354  1
54.409023484880244  91.05599849617589  8
53.29635627941276  23.79785399244085  32
39.868548670224655  138.56922317033042  136
53.94975580133446  160.06410584990525  160
50.65922976554074  50.83109720262779  129
24.408012643192016  89.68502825032895  144
27.38503541029323  86.66718871484265  8
98.52835940323202  184.9569372943124  129
54.58282727046665  87.34557208885519  1
25.831462384374216  147.81819813059158  1
49.759099701624216  87.2891937414244  160
7.910984367175737  174.7364984065977  2
43.733500806934394  165.29092198124974  16
81.41831188615541  152.5077590346965  16
84.78536985671997  9.98178507002403  2
69.46695162658986  178.5819788727568  144
64.53334527527836  120.53115907579007  4
94.96049138105685  56.02955577399487  1
30.986938638870683  54.61491295085735  144
96.2863754598012  184.6249256381678  132
90.44506119182147  90.67497022545942  8
8.690707274734674  158.96896801110083  129
79.05083487736916  26.987778858035195  129
92.26108759677005  62.722645970427386  32
75.82251941878012  48.458539334394054  132
31.766900611040196  45.918058116829776  16
70.3550616793764  151.16249641642898  32
10.990893238281357  141.67549553677023  136
50.731943589683375  60.375618273966424  144
82.07246243856376  42.71309095701796  32
6.789694425851117  177.54418021787865  132
65.69760920696277  140.21038702339837  1
53.82258598552685  108.89419830842095  130
43.74509818342783  96.49910919989557  130
45.586067844037345  16.384361467220096  129
83.65253164027345  143.5052774874868  132
51.85793694948012  69.6036063591722  132
3.240228969190347  151.3556149869886  132
81.75268570475151  104.17369451274307  144
28.385510583750698  34.6041608472999  129
62.62679456536442  177.59700731936908  1
5.5713168340409585  35.76493864756499  129
62.044518941906674  145.34958768003793  16
33.558350419409905  73.1494745765135  129
86.44515110811312  75.79629840000517  144
31.743796822170484  163.30746835307778  4
23.629270782974086  177.87237806743147  136
9.630993173492314  72.07511778546755  8
80.8661889909897  133.3131304415669  1
71.27865115347787  71.56449211891861  2
46.97594031238802  198.4947541473905  1
63.24350729702391  119.58098632562643  4
85.37742787837848  165.15383867647236  129
87.10125276900308  109.98422304803663  144
57.603631587363566  79.87567863087413  160
90.35996587036917  121.05468184015285  16
22.050481575810245  139.49263126249843  136
88.49125698199872  18.615896548238233  16
67.8627084475391  157.88749984306668  8
63.91259766568663  61.552693149344506  8
30.05262238772149  5.6769994658924565  129
76.39997209113942  33.55322238353914  132
93.81147017923402  165.43333393778997  132
5.542791786034689  79.93979738298363  4
43.21863437577886  105.47788945320305  16
16.464849734951994  54.72960559614947  144
31.794687178507235  58.2615386773692  4
80.52943356670812  21.92252318540779  2
70.27732292575028  146.0359959712636  32
90.39553602570483  116.3402147954727  1
60.813332269  171.04270751239596  136
4.2374649378493245  109.24742911816172  130
29.719331590060317  8.625441753263633  1
60.53684690937037  196.2550984839019  132
48.78145408050392  60.03667897691288  4
28.901388477846158  71.23693055225543  16
50.54742124033257  3.1106886996944154  16
23.475755382447826  121.58857759298955  136
41.831370079894334  169.4368085170545  130
44.63182852418859  17.582735444013302  1
69.88672286630951  3.3709272336962908  2
62.88608883936647  189.310518020315  32
67.90697564456792  124.41090575928028  132
90.35540261964003  19.756189035780704  8
59.67727337881969  51.60193811847885  32
29.455415006186488  69.93846282281768  8
24.86351074657068  86.66050884043084  4
77.96133328948943  186.39649979107054  16
65.86113403322078  157.1171437233385  16
3.55781148296321  100.96184492003039  144
27.25449160696273  183.27903974009558  2
38.282507256998365  81.75102445835007  130
49.03838047598641  20.83061596228673  2
3.7182660319008076  91.41598619492186  136
52.05895377986174  55.60868933194314  2
73.61031646341004  111.19773348498414  129
42.55632235057932  75.50384867026386  160
48.68849719191487  74.8158125200139  136
57.569317059457006  35.01722801531607  8
75.81655316067845  115.48298988513673  144
98.45591225758355  182.41566541173628  132
52.30829270631283  120.2612194551366  8
40.65898860200269  177.1812916056445  32
66.14990786527561  155.07776196705515  16
10.787610326818028  148.03014243673599  8
96.13697563430976  33.38962325727735  8
62.792297372918256  189.47851036369028  129
68.19600433184773  135.4014126464525  32
44.600102966624455  4.966113377032975  136
3.988077816662561  80.63169372881494  8
96.88695540026885  30.296567761915757  4
92.72949205067502  81.13190973042293  129
82.73271024014687  130.36286416335506  8
20.120522633383935  108.85069520042988  136
20.404537582465732  83.90124259830748  8
62.43355062658784  146.66661891789872  1
14.502760250919481  27.43633698392515  2
69.01658881063344  142.51506088680253  136
90.48132646162645  57.47159611555783  2
10.557787118537906  192.04488473789254  4
40.2227370005629  159.58324563785334  130
69.34105992158732  70.87666274819826  160
3.1038816935859685  164.40589593523555  16
17.71268408284121  51.81421114281411  144
87.0381947751865  113.0288500347988  130
52.140563541873796  152.99778378873995  136
61.47388352739122  4.942063064503115  130
79.280148905211  73.35467569788577  132
76.17329394523841  86.90547172368342  2
62.61867688979727  60.6891242983361  136
14.317254604898652  37.75792788978817  136
68.66676472548434  127.14590296548872  32
27.478734541695122  164.75595454386078  136
57.378748661976346  156.72364238832708  132
77.33549723177867  185.66784636738774  32
64.20711749484744  2.527105610928626  16
42.45842453308288  53.71400220888944  144
38.78325665479211  80.41418613595322  160
52.049201422182264  140.1503234923911  32
1.0628028454548246  79.17786413639854  16
77.10891223219312  94.70297765238708  136
26.757978391561767  101.19819627191298  136
43.939912657216325  67.47849730517527  16
15.481236765328356  157.5391505264078  2
2.7298274324119562  106.3784150870313  16
97.09204205717745  172.6320021205928  32
93.50470419554529  152.8006434878509  16
40.43057758410359  182.1038588455951  8
17.029823164581057  54.67717585653895  2
19.039478126225724  21.683960859399917  32
14.800096562674462  72.44095264124667  32
24.301668006603354  13.654614032917706  2
21.035341298230353  72.26571707757564  4
65.6698749529716  33.145360170521656  2
78.64495480772496  130.42102410383936  144
57.7321211420178  13.009381884515001  136
9.015245526998847  70.42208197071793  1
17.1513363980577  191.1515852925403  136
25.82325284732911  177.1850059773526  1
90.2812383375355  107.16989749728441  32
70.90436475198024  197.754889921547  132
79.90280429903383  95.85164198113641  130
16.47097534523983  31.351846255977804  8
4.650689137492748  78.22681247901153  160
53.380095424891465  17.673729038122154  130
1.4105330933005806  94.13515610798555  160
50.93495020617896  100.6596314742389  4
9.897602922569057  5.779254272431615  132
75.99384235358167  128.6301167223745  8
74.14903158627705  44.54621158135762  1
93.40585116462834  103.88273731338795  130
26.64937711240741  163.9580215949546  32
46.64208955774772  18.249738227336298  144
55.8809777197174  82.87330490364474  1
10.898684970689994  113.27591903366941  136
66.43483583969339  152.81411781968325  136
85.31090064968717  75.78278818051335  4
69.75309070320645  101.3423414462531  136
54.84441819377577  12.821640550055545  144
66.68350392622675  129.2531001455185  4
43.767988465956115  145.98005642734915  2
40.673993677432904  40.34481631656772  16
88.20777215398931  32.21998043887513  4
81.75784008731543  58.30203236999331  2
17.348739602390076  104.71667076660763  32
69.82733501287369  11.19910637832743  136
50.84972134106127  196.36549914582136  160
99.38268671262253  75.97749093971524  130
29.810473742873715  162.97451555599054  8
62.22029245639566  155.32767622813432  129
79.24930227989393  178.886397141705  4
45.865147406409335  181.4887364758161  8
88.6485390426849  104.4347823644572  2
64.84530256048998  19.223173999024883  136
2.0585135089946487  9.220451206228397  160
14.855737576366291  157.08952676792967  132
3.9203794260787617  58.438642678996466  32
99.38153070660553  9.904792297946198  2
6.097824388897334  40.738314701253934  32
88.08043153092854  142.33569373183812  8
79.10395132968196  9.84511531855882  160
63.57421123114436  120.24075443577001  160
62.38419244707187  189.75440621423928  132
45.002344464274685  114.32321010500509  160
54.30862382597976  15.022008411993736  1
78.26248613125728  157.59455016075364  1
15.874827107513626  76.1200567399169  4
99.04829860343904  91.16594663836815  130
48.53714692409475  42.09743168882728  1
84.77732599123742  109.0036054442899  4
69.30970241395075  166.78523202722243  136
74.29378735279123  92.0435923791694  16
84.93992504236108  46.36388238454948  16
59.056522705001015  99.88154319675844  8
27.599400754520197  136.7659410040414  132
25.22221178792329  20.886383572064297  8
11.572209943370236  120.56954519096335  8
12.1424510599089  104.12464449564953  144
82.22595333030948  134.6563260555983  136
19.217006453714934  33.74778041705077  4
73.53445110075707  132.57233603524955  32
22.622757191624345  25.83983302411605  1
50.09402104428786  11.847874903908622  16
27.674649726348136  123.56967417598453  129
58.87536879507764  15.081053621463315  8
61.201312931186585  171.25205500981767  16
78.63305216019505  196.80480512344295  1
27.173967890494364  175.5137398285653  32
21.442309542209117  111.03309511544106  4
76.88037582605311  179.3214695766004  4
57.8662848630481  51.20116447482751  136
43.0259754150822  152.84001576591754  1
64.3579932013901  167.31978426472378  4
41.35342811380553  73.98366795496904  160
56.1659355089532  136.13322945543837  130
59.17465407882063  48.05797835865077  136
36.90680250196232  164.58106357021697  136
94.28266205154144  158.0310174460876  32
14.83335834407552  119.77449511379234  160
22.779914791578847  89.0997560236609  129
93.89935738182616  134.8370983821249  4
14.113749884569508  82.69197867503333  130
91.7625045429651  97.21052881374094  2
14.286684018889675  132.70944900520746  136
40.49944406501723  180.46566982504214  130
77.65597562479805  128.4464086713584  129
88.52759549745561  174.7655527302588  4
13.417915013170976  178.4058216569843  160
95.66176598017063  46.74500734079405  32
81.99650715413925  14.221089890255667  1
30.582117558867267  169.22710795073417  8
60.08166861517719  128.13024810644038  2
96.67396877797762  120.312797770048  2
25.85932155684608  1.0377834391651863  4
83.30835097670492  127.46644329849542  129
4.214372364952867  138.63770624546467  16
6.794317616157867  193.54328021188917  160
18.47340859932651  16.061723708226804  4
75.92923695754564  43.83310828074029  132
85.3537536464659  53.614807835213824  4
36.67206242767554  5.120923741125949  16
77.83675742523918  160.62376145821344  160
87.47117087849288  80.9833855075183  32
74.29495613301864  196.18059363697185  4
34.71580761474191  156.46759103177178  129
77.82698922803151  129.67013590965004  136
56.760996658817945  28.37033357013654  132
25.157513869884227  3.6742652299791114  132
4.3467669881985955  31.641888591229883  16
90.66452248978935  146.58051317167033  144
83.99164300066813  104.62743181177984  32
32.28281163509289  175.4499830373302  8
74.02031955339402  97.4822212005276  136
26.464601793094626  79.49418078346008  129
72.03006822318501  92.58099825572899  130
69.60634282268613  92.56474638949545  2
29.35195649911621  148.6307578737177  2
91.66322641923033  151.9949317832754  144
63.125760762136  197.19745492607643  160
61.3309581067832  123.23485751900436  32
13.3776124147868  62.548408255466036  144
3.896081798522616  178.58419646778214  144
4.36656738614623  42.08701144628847  130
55.07239202176672  41.83461874255229  132
86.09007182609938  117.74371266391552  4
4.6668991071899  8.624946213066094  132
17.115252270230666  176.81592337600728  32
91.18684758761498  186.52854962519922  16
84.92948809949566  45.42445989370821  2
34.42568169885013  117.83111708838777  8
92.12761636455471  162.438409616562  144
76.4930666339491  168.45788831783574  8
28.802144908445534  181.85639890101416  16
56.21704135683088  106.01902507514691  160
10.6234923072109  138.20451469449236  130
99.04149136055653  42.755360560656165  32
56.00578835361927  106.71929507494468  4
61.43943399110418  157.4496763801419  136
41.98021715293054  165.909975025594  16
53.428770992424276  32.70484063126038  8
20.433648196473214  17.4319755962286  129
77.39424568099136  138.90696625815266  144
36.363370931414266  69.46211537893073  130
21.41759327112245  95.4909474185418  4
49.86042546876117  27.454526405258523  32
71.11341965708212  156.43244956785625  16
20.49645271729726  147.46232754763827  136
1.929279313461259  172.4982308091677  2
66.24344356516376  149.42303102107903  129
96.71901814367337  66.20059091847128  8
17.562108082819478  49.61706647357359  130
84.41147864420249  50.04003407943265  1
87.57647331785543  19.61761244243509  130
70.04334797457662  85.63838211180362  32
38.73348106115842  186.8763011324528  160
4.180080950147039  53.43724191451423  8
31.263231568785443  55.237240526851494  144
51.90929246382865  60.64133467212332  32
77.0683999643826  133.25683466850305  32
81.85195555488532  116.2989375475133  136
53.758758616193354  162.89851418375144  2
49.684102854362536  12.36382841795903  4
46.166405900740585  166.0766731745253  4
69.24431539878591  8.343674871047192  132
17.721485070242718  11.462302260156063  129
44.096069920325526  155.25689992528766  132
35.15726752095177  53.19215588187993  4
97.57070246853698  17.76236256275287  8
37.86835507028047  41.89527896443461  132
97.58871268111902  78.32823373623933  1
14.02166287455493  100.60128716128106  129
71.92321075776684  162.19393568441427  1
1.7832927612996157  131.7345277948756  136
14.337683911527323  21.909723209796844  1
43.72455429971549  161.96175678264  144
79.31660601747531  80.58192104447717  160
18.32087931616411  178.08665931525175  4
34.56856090175664  188.8737163587189  144
86.00165469199732  88.59377766234037  160
75.37843480941733  107.26802162365367  8
69.60188791640687  103.89674576550354  2
63.806035959775755  26.676240129135856  1
48.99119488732308  26.871628473348924  2
81.381180914935  42.91470644941357  16
7.868543382331264  151.15840063815332  132
81.38939450421506  114.16560810604948  132
66.68391873365017  178.96571208916612  130
28.84154555060349  187.1013484545078  32
16.69516677179299  106.27448574515137  16
71.20708591578304  169.45064433611057  8
77.5019509255926  79.07213699560732  129
93.44525212048916  126.21559308067762  16
76.59991195452471  14.621850520211488  160
77.57328773572917  81.7500355129968  129
54.07103666990037  52.62015814029604  32
68.94813117438122  50.501205159610016  136
43.896976708340155  112.1115563505128  1
89.9814519712636  31.484058744276748  2
23.242038131350796  118.64161491012835  8
83.76241524580585  4.190599126913957  1
16.869378141752456  105.60742418893629  132
60.74835138469647  126.53442073242182  160
73.64189730086275  125.95411373396733  8
61.473719396551274  6.326314329323541  136
79.4307359480896  63.80605043237309  32
73.96889655301155  169.3560147376766  32
85.75292018838765  16.77730406371308  136
21.27485901660724  23.468865498396532  144
55.425302092261376  14.135219751970187  130
20.40817304769634  170.7620151974492  32
61.68065457361302  13.736641786102172  144
46.94890186100545  118.59191255370094  32
45.108847007374  49.382511137362066  16
69.73747163559797  181.5893050553176  144
29.885768286621445  195.21704191493077  1
75.19958234467042  12.682104891035344  144
19.92563863981563  8.840049549818543  16
22.682581857383756  172.85359425375123  8
56.23136590654751  62.55991818814224  16
28.353887716223714  173.03671117660113  16
95.78055731400154  169.9297147964493  136
61.775449338664515  189.63817018853194  136
80.6594199261493  63.69379867536864  1
42.47781157451824  198.32721285193395  130
27.495743395779556  168.22444512457474  16
37.928599761209846  78.80527377750492  130
34.81346635272213  102.37704619223656  1
62.280567677716476  19.148976076553495  16
80.52033058518448  136.61383611510888  32
1.9821303012516818  124.5505653391927  32
24.70972255096192  37.085838294135094  160
70.72317050735843  80.13660599357752  8
21.575015459795427  81.00008414711732  32
21.089253948320312  171.50128458125096  32
2.972395755604632  78.45115204362997  32
82.03363333320593  193.5919328044635  1
32.42693452092314  124.99882263917367  8
21.881815751166748  136.13658523891144  144
68.32566141416872  130.41271748461833  136
28.654538918339306  58.23870753171662  16
41.02273231407428  9.337905327721263  144
57.58789775755718  13.776731765913645  136
56.34436900418585  97.63584373693386  32
21.696845797181023  179.76983531954298  144
67.65601635779119  109.10926040017861  136
78.70261842184199  115.17814127834451  129
93.16520565218413  126.74290642795405  32
88.33376767258112  31.108136593587087  8
85.4216270896687  138.5685857185399  160
64.20362412498784  197.0051536359644  136
30.757582445181225  28.192613936260337  16
6.0032051060708795  25.463271916539533  16
97.04180045801697  17.99795301787112  32
45.7202093935283  62.17462485061277  32
66.8451362119903  6.096225998112722  16
1.6912933922842064  130.22244040037816  1
67.8723316292091  187.4534530983178  132
16.609800265766484  139.6100493563801  32
53.76063090431224  74.11130587575501  32
63.29633615825595  144.3401457052481  132
61.925092768509614  188.535756473121  144
22.743647662829265  142.0520153685632  2
64.41636488866233  115.14235863395704  160
6.254784531351674  192.31727979067114  32
64.44371323903223  174.0761632322335  2
94.60254354028343  48.12844511402907  16
65.1040504321524  133.6131182036945  129
41.05361365569795  94.86839215447013  4
58.41920947231964  190.0650039245797  16
52.08543869136366  74.12763683419239  4
64.69472320338396  189.55217639207032  160
91.21067960955165  18.65691137949209  8
56.708430552671416  36.544276952032774  130
16.559209272409593  2.7907090916095516  4
1.26161219092306  158.0820605073587  2
78.51679341850966  54.345864274806395  160
92.85768469038179  154.5009014949102  1
36.06178091216242  138.59185309042897  16
75.60970946621977  54.899640830453265  160
55.72297998280425  135.31555237779267  1
19.821692951346616  163.87635534776962  4
50.546506329200795  165.28545529465003  2
86.45312052926066  24.132828701330457  132
41.89241294066323  181.41589201925464  4
10.984225423610534  134.91858146247995  4
34.65956457577035  140.44270771484204  8
35.00640421496558  105.60877008097643  32
48.374706216945064  13.357106068569308  144
80.38768474123891  49.75235021808325  160
17.919011581111526  18.15307502816724  144
52.842457068191074  177.68595794461726  16
95.45876057030206  75.02958153603278  32
81.81523330293855  171.67481823099283  160
93.17443350242992  176.62105164104636  136
59.925926486836225  13.742879690999434  32
35.77547427226257  162.9771957742886  16
48.19785354914188  94.89096854191989  2
52.019285070111565  190.2182314953155  132
61.19691385520582  67.9492418994365  1
71.88674368812056  58.80594742904838  1
10.057468358313553  7.8990310595782685  16
7.579934880855202  131.7309482084935  1
15.792327408015245  108.56739614046401  2
98.35552466214868  48.54473365722134  2
8.125868082170276  133.75778985113277  1
98.58346274593974  16.357336662341304  1
37.25672180523014  71.30900611035226  8
47.56324184315413  63.234529612946936  160
2.4579512366030256  103.40435230735588  132
98.28279412313192  2.134021505083811  132
48.990425796321595  61.02452536225776  1
50.500156925372586  67.76133227691841  160
30.886580439942552  185.48755645730105  129
81.84865727826323  70.08016681387633  1
44.74884067822603  21.289923452687614  144
50.52712941575407  18.923369795494207  160
45.82368972452777  33.61896376587096  129
68.14776330155647  16.810494979709922  8
17.75859106518811  82.85529829120188  16
82.1082042746352  100.330231024786  136
53.08602605535987  28.19277711368929  144
99.17067814781056  60.682824555068954  1
57.41408632317426  116.39282094210182  1
98.70711174800195  6.134760501331973  136
44.0077139288294  33.76767875850946  129
53.41064608161649  35.162979814324196  129
92.10618892390004  161.7110737685865  1
78.43081983741217  138.6811506360997  136
16.714180693552997  108.33855745348042  130
25.238922323444807  182.30695429640716  2
79.32869685156683  114.05592835581719  129
33.19836359605165  44.68466541516207  1
46.64700126453833  78.7059642223379  160
89.91023834896242  57.51236502713663  132
76.44893155247927  87.17339738237445  1
35.60026223930391  143.72269569556417  160
70.44946021924065  195.25424124298095  144
33.79679090433565  77.03582247006605  8
27.545057783210943  81.80774607028174  144
81.87159279617  3.3460673533576726  1
56.053245369323314  102.02807900612855  32
90.96329963972087  133.7638178561482  8
67.86206044138615  124.56319999171596  129
17.403982573673275  28.75342593267579  160
73.57208395124691  195.71936522579028  129
16.789049948643793  96.22405058769297  132
6.061679085255511  175.0066285281071  160
86.82574224797894  154.477243945119  160
3.079304661822198  60.1366039123045  2
61.462049041766974  150.83586856154412  4
1.693710952635266  116.55654415078581  4
3.854075637764639  28.452420489788846  136
5.798416586011305  153.04558563931775  32
26.16563100538847  148.6035766777449  144
51.27011098515411  87.94899559194961  8
39.59410453013526  76.41703065752009  16
49.805903165159414  71.95025613593806  16
74.2991641877398  69.6607860532174  129
19.440610004872433  166.20744766819553  8
8.245027253693609  184.56347447772163  32
41.49522469233412  50.800531039320695  132
82.9820548130665  12.570996917981708  129
79.26115687834789  3.171661239921666  132
36.749039044395865  112.60531698192483  136
46.68064615522591  16.36214265784365  4
56.246861282752796  26.947393676560218  1
82.73901732705123  24.63248807227335  4
8.602345536754802  147.70650179162752  160
22.801968426913895  92.99946593037726  32
90.04055645181188  45.89625194760223  32
16.280294347881615  189.14668403983825  129
13.8947918946076  124.78464189665932  132
48.15698197759806  46.690942363365615  129
28.605003949505676  109.51741817019253  132
57.75319663910454  191.12916902697458  32
64.728771335365  133.20290456525484  32
24.42471693614755  127.3810044503863  2
81.61950736679445  115.43876944083296  4
9.83138329259216  26.793485397409892  32
75.22144554899927  100.05331591493162  8
7.2063964353620085  3.1850586871753173  129
24.771950056196644  178.56215285684172  4
79.96548412116444  145.00307375637476  2
17.341733093142512  122.30870165782355  160
31.73484401649669  114.40735872443186  160
74.4211407369486  36.98106193534184  132
28.330742768405862  89.611827711681  160
38.456754555019465  174.24709333043282  136
51.05013026265822  174.90808234681478  129
65.84694948892762  51.624808138811005  132
9.25089216112471  62.932020644391045  8
4.722085895967181  198.91174037656705  8
59.484960151666904  148.8080427331286  4
21.153353049329727  88.19967372891197  136
74.36949998492446  88.77355971237161  16
62.79457482009378  86.00135098304796  2
79.02799006285805  126.8600513684572  16
53.255375036680434  150.6793729924158  32
48.88220769885471  194.63182601115838  132
50.47835989186808  24.512081551654777  132
73.61617352278539  135.61653774530893  144
68.87608145093941  84.03922374349108  8
44.020273802303734  55.99493984780854  132
55.94557861150558  6.80900794159675  160
39.4329837303804  7.378479140625421  130
7.494519974707079  116.73976462292926  1
84.81066672860277  78.10793890721273  132
21.51265523135926  12.092004784020432  136
57.46223453705243  86.2837796125334  136
93.53126532007855  159.0068301154631  160
42.130210415700745  148.73376850347765  132
7.681254433916177  112.46716241647214  4
18.352705541756702  80.90426516975526  130
31.17955481566109  107.50121064172968  160
76.53006548911235  3.1429295963639596  16
28.90345522158817  151.45678291352178  136
17.72944085906725  174.12182567001807  16
54.226688812486984  111.54976782992023  16
68.6826807297648  74.79148328049988  4
79.58034168406898  67.56891817752961  129
2.2776782464924676  14.34806286074333  16
81.74397875229853  85.00799910679304  16
36.87986367147997  121.5656463950727  136
91.61690399418146  176.52373095045866  129
6.710761113636425  161.31352536677704  4
8.923471049863672  29.32765762834704  129
72.8115693995922  152.52067752828066  4
10.861511761427646  84.91624592170746  4
8.785545235527778  95.3677117248004  130
15.7629159515731  78.20043280292953  4
14.663351490407631  135.95777258269183  129
71.44710431986725  126.9323959789712  132
25.474890848634743  86.46494658561386  144
14.843885355364094  168.7218643884149  8
34.549144272200536  23.516069406000163  4
68.8854048124679  198.07351816969958  160
98.40849998492175  31.8434985741023  132
80.30707508277159  193.40999926975547  32
30.38067140420302  55.59484554140416  1
6.334739667340992  112.01945173116445  8
8.728925606609412  138.93991580152726  16
11.91115871155832  198.97533065164563  2
1.2540736216318416  113.47160432285561  8
25.045260343794222  148.0377330154654  1
23.970278914204027  78.31908438656875  4
12.808287783423744  24.2304213827048  132
5.840671435171936  183.2882669244826  4
89.49226410670467  177.87357297587508  129
66.4781491236853  92.09865919791577  129
95.34400429366413  80.89689751087948  8
56.17219294922532  1.6572590149342583  4
6.121313866459003  49.09178496984135  129
36.8379961912039  23.905046011660556  129
16.843715144760587  190.48145956164907  2
69.25588395879194  102.83439793703806  129
4.710766138118379  145.2274421516456  1
26.0352096097178  5.591929430412479  1
10.08474854316865  148.25163805731862  129
21.1557428201775  134.13614412865073  32
53.833931584143635  94.351416281081  32
88.72544466276455  130.20244434744203  8
47.461765667061435  87.16079994220249  129
41.38753106267768  4.18692421270468  2
70.98051149236679  140.88484644919123  4
9.46837757581288  140.5412883992448  4
4.214173384824406  194.9375316085142  8
78.82196615773857  111.58220591129722  130
8.707940683613762  28.848077227358043  130
6.824027898450202  85.70627226472429  129
64.17713565488197  116.00599097730948  1
69.60017943804836  134.02647970609908  136
18.512277125999816  8.350176922944225  1
16.018416106332275  139.92175868370768  4
88.4297333364086  52.94838986508168  144
83.6462759062638  101.4281935912743  4
4.498863849818623  94.23720728950359  16
37.64869891736358  84.69844214579942  2
86.68132758125394  13.937946573296964  132
11.702694077119034  16.257632285433278  16
94.92493729909927  145.12959777220775  8
78.94382819056219  1.4822924372505575  130
74.07675485394637  103.93440995310239  8
84.70717006027758  173.24212956107542  144
4.3374593701323025  75.15986265450381  144
96.54808899663875  147.73775097330406  144
46.84392834798746  176.2266084902328  16
37.95144584035052  140.09465247718438  16
52.47700866369354  110.51486292865809  16
18.42323106437425  136.114661553641  2
1.1352196227028595  191.7408613361573  16
85.55530137805708  10.912196556595706  132
83.90054133645685  178.6412873619412  136
68.10682733475625  197.82463592228288  1
33.80375921546611  38.4212821476176  144
32.58928844520534  81.51769507428241  129
74.2970643260205  159.23103613093633  8
46.86224002878303  41.90129658013903  129
54.56160933019512  21.11523663214193  4
80.86981215019382  128.97945368796766  129
3.7691536894515925  99.35005876965005  32
54.13418067448419  92.5234708858658  1
25.26377758966577  175.8235852074205  16
64.68934568883407  178.28810630171756  160
24.604613757044934  103.53131762593023  144
32.52471993925889  78.93811929710783  16
41.319405032289794  93.58556456440573  129
97.75389086598629  56.97192642809082  16
83.17007168771701  37.73370320074785  32
4.946837503688028  2.8956628537304807  8
52.77818577249467  189.06854285845273  132
22.815497110699102  121.61017823115682  4
5.6915196126732415  21.211330886983717  1
63.408226841287316  69.76911728768496  136
23.733526263945194  186.89117528179727  136
54.57190338507613  185.65138881351706  160
96.31292461206473  10.150514506715425  160
89.50338699570308  50.64096714116818  144
24.55478664865953  198.72636030320868  1
70.43664910421955  162.42253350310924  144
60.01883954428218  184.99894077563258  8
92.12624505705914  64.72563330292661  130
46.33018037620909  26.251750742842336  8
15.032258597073032  48.003886814604584  160
7.643653600695607  185.9439169598296  8
43.75929535003718  144.67987663284387  144
56.05644589576632  142.93728858834027  1
7.879472757847863  186.3500992239998  132
75.45569928965008  129.12304473995306  32
74.56733856034221  73.17506795105915  130
13.706558212994524  47.40837078147323  160
22.729486595641674  73.50772152829046  129
57.98454653445116  160.7523456176395  129
81.89143064826449  106.31523808716896  144
19.877974246354313  82.00513274154308  136
82.51062809300144  24.873254391558657  4
31.8860485534254  176.68637629006545  136
46.290342217266534  55.0872939019558  2
62.91541721418656  73.42346112229218  136
72.9912057583982  34.230418673030435  130
91.89673510796764  3.4524653019637856  32
46.86800501366406  139.14809500181897  132
97.57788619095528  11.382693159366184  1
55.874429774520046  93.42455406341377  144
58.318313078949295  109.90818293146602  144
69.89916962176586  33.09184148130791  1
59.48665181347701  184.0825369532131  8
50.247476641680564  88.26263795680217  144
18.580543469297886  27.13094409782846  132
34.82555120208161  61.277587900151914  2
57.087883709141344  166.68441110408386  136
9.883802543468848  170.23312688276474  16
76.69223415066666  83.33211062420646  160
80.46433974928415  140.4890367571039  1
89.7541892389393  164.10126376129887  16
6.322668033326355  120.38664493358982  8
43.25385106760681  151.72164398979987  4
56.648225228960726  64.99360377272959  1
72.74355817752212  36.04705330813067  160
77.66242069596296  173.33991336858298  136
40.91759055340299  109.55780718115983  132
66.07471665256894  173.60760861971175  2
46.83405249487983  56.49072510766423  2
44.40914019102709  194.52018711697292  132
83.14364256993592  66.986695142371  129
73.35231846749325  110.84611132697702  130
2.434430100779969  48.26705834596057  130
38.03623844486425  24.416418593077964  8
90.14089184253017  163.77770608317297  4
1.7794644718822765  3.381294230489062  160
13.651458579946791  41.60974563073786  4
58.53974563137333  151.59459448456948  136
79.84412639751952  106.02912941232957  2
23.339570617824144  89.82321733708282  144
78.28040276813564  159.22152465637197  8
13.206487811700807  138.39140299750642  32
59.70264351833547  39.691143307876374  16
8.581185276561673  47.2500011033515  160
97.67863757455527  81.24124194049227  32
24.63016642514234  20.93811258768403  8
14.41036892725359  5.096578746580011  129
55.56904583657002  90.46762644793367  1
27.671039663327498  167.0811644955374  8
95.40198777812715  179.19261096347455  32
55.46726234115447  108.61310629386057  2
54.4953265538412  92.54153261745259  160
56.23968239260616  107.38139285505703  130
72.85166140374037  195.5239765730417  32
99.14623067067218  64.1519994817713  2
73.36695887852541  162.78143032041683  32
69.78617133283858  173.95666109583956  8
37.858557877710695  178.43561022748497  2
65.0620803362844  132.76505937864445  8
76.0112347645288  84.95280438968399  1
35.02525699779989  16.758962309420596  130
22.564957582906445  163.8763400995267  2
34.85411500843399  156.16944930714087  144
11.316786218276292  55.38652850899602  1
36.453397590553436  157.15011213243628  16
50.24419664068476  192.1298829231525  144
22.508626760916506  131.99761144312222  2
53.8074557120059  63.29264911444473  2
66.84184202241262  36.8163560663684  1
12.370249782130575  95.85963897882355  130
30.759745528689404  165.45503339780416  136
91.33515457196104  24.425085752204655  32
33.3233570551365  29.851078905443053  129
35.94322060488364  162.1195916035084  8
53.479059311750085  67.92686079972347  132
91.84119764642085  99.31143488137756  16
94.3975415807988  54.34896302539344  16
45.322094357561554  116.34851745883388  132
80.57600941675699  77.842591714377  2
1.4844680649291497  114.18787530177555  144
41.0574265694532  192.04494102910553  136
72.46249844440402  49.479672505616435  136
12.216972079460481  163.7306885173648  132
34.12024372279808  154.63878388035846  132
2.6758678552424273  110.6286608136527  16
68.01449713567789  159.4578178555998  2
40.12530599573515  196.97669939482114  132
27.658489692859664  133.0860585564135  2
81.20681957911965  10.888744251921516  32
85.47692398655444  112.21165483596761  132
63.27700856206563  123.01185856788733  2
49.376269526147354  186.9626381073207  132
63.717088598755815  101.6044161871909  8
93.29854417966551  166.47731500849684  1
23.35450956745118  25.06058883031197  129
47.98879135864305  138.44945639534075  4
12.645425683569403  71.83978118976327  130
82.21494019080531  123.0533366337708  144
76.9660351627746  40.00817764887851  2
62.225019456546335  144.4496236541788  16
93.66992110729915  29.212273445112096  4
15.159897567230619  183.78503666067843  130
14.577711058967912  119.7080590327819  32
54.73983882624078  17.310983438451157  4
31.763555604794178  85.24907742017723  8
98.40407466325311  178.6365734225838  16
98.12192809318675  66.85013988908635  16
83.4883547293679  50.99547781792172  132
76.32780736473445  141.81452123476063  1
12.409196888135813  92.33236420346482  8
12.700921541740918  158.44094011399503  8
24.916696454489873  155.9218693181096  1
27.216699922719616  50.65289962490402  144
86.81599290248121  54.39187677073406  32
76.98416579461374  161.66821128434788  144
44.690358170959314  152.23492826192933  16
82.10175419443557  143.2293152954931  130
82.04038023920268  118.01455335249237  1
2.6231844124092616  132.35699268792035  130
20.404626683913953  155.0640598936538  160
31.05848481434141  155.03046204529105  1
95.42252513938226  183.67570391943133  1
96.52745785408793  30.938973367983117  130
16.602183557657696  98.15863133079621  129
43.87076651666276  152.07397804427077  32
81.88841265497454  190.58444468654858  8
24.445106010806594  193.20526985629044  1
93.98383673856134  43.717336091943295  129
20.40987356085641  60.63598171519956  144
52.904678764950106  148.88817764570055  130
97.79438504497375  121.31706034949191  132
69.05859473768417  16.183553362007814  130
8.180696152570718  55.89094092931754  16
40.987836108500574  168.77297491109786  1
43.474535145538674  117.83897701377316  136
52.47263248506928  5.212780750192555  2
85.96691255154687  138.86196654129648  2
97.35719770758577  164.34116394843107  16
46.427136821407956  139.57014809156635  136
5.541101250198637  74.26634710310836  4
4.850331480674783  92.88235714912425  132
4.131530920804291  118.8590276445828  2
58.64309651163824  109.67451049786008  2
37.62529118179445  28.89128745571895  8
43.186516154332374  138.44883399976587  129
34.69164367427287  140.0409683561166  130
98.5719243873754  78.52702778213455  132
43.55990352934654  49.54697079473935  8
70.07988030626497  84.52919005647458  144
70.98406110955433  114.11643531391894  4
45.4869346365989  84.17636263949704  4
20.19199371834553  64.53501619790774  144
67.26594481055928  45.556326472422285  16
6.140736551472495  6.368869099296477  132
87.1091040802125  82.12680038850264  1
47.950216226839984  32.77537064657541  144
51.270901549466274  27.68066214144826  136
3.9697290047778484  148.4397204030922  136
38.32442695409357  174.914759140572  160
7.860052759589126  49.217216847169176  32
91.66854395666769  87.61310474755469  4
92.14993106792669  74.89013221701788  132
61.27810709741181  48.3726874901661  136
47.28196268112909  92.50982518001257  160
98.30379440976037  66.27227735779076  1
26.881200808520266  135.50102242873115  160
43.21712195971818  198.41731657606385  130
2.2899683893187657  62.972044663948715  129
73.33217719047968  32.97936591709297  1
91.45340980344649  134.52132935488416  2
29.881016741498804  32.636475157611194  132
42.73212301211223  19.814404835346064  144
47.642534057277096  189.32849275459435  129
7.05666773739672  39.32494211488895  16
22.40767889251404  157.67576266348266  16
90.24221699084343  127.16280947515486  136
25.97515826789479  197.89542007882875  1
39.19868238752189  163.53042921051076  144
51.436134995805304  170.69570442564313  8
31.712923181454837  158.0235953776617  2
69.2429245153653  64.16363995210801  32
40.10678447145721  136.27674492479005  130
75.82324940378903  64.45585092451196  2
42.95536051766429  11.042166220696789  144
95.43712579755373  133.00367631030431  32
33.12801652887543  153.52318451088  130
98.07563485199857  7.494162090675845  4
68.87948067825332  103.34096250454856  130
75.12181208384298  103.26090929083566  8
36.09409104013027  189.36579987791535  32
67.61594848542914  13.784418964105756  130
9.265700907496585  21.019753309515913  130
44.47117513499569  20.72690308838065  2
32.4105102151086  113.43494332277746  160
31.762709354459947  28.147339508420675  4
31.527965130867454  120.89504189477569  144
42.5355352833429  18.719609067002516  16
37.08497248172673  116.03281664230148  2
83.03427733880427  48.14464794146337  144
66.45735439317772  36.84981000214058  132
13.999339140122549  15.151706112109618  144
51.45176440184511  185.3588617186652  144
98.39605441018212  57.96472613950002  144
68.61665507517368  48.28776970665636  4
15.039273291823465  115.984886562205  4
26.886191792231045  6.614575892634972  160
50.24174421181518  145.53428816399645  130
95.09525155514048  104.33854881155746  1
87.86720935219708  8.101424322029159  4
10.807139214891189  78.26582828504064  4
48.937906446208714  173.83027229883336  130
3.3540215488227654  102.10581779345023  130
1.6437883295200577  159.46182545261237  132
23.948355401094048  128.58643945179438  16
67.0323154342901  74.58495230695421  1
73.66800391207276  146.1718679007464  132
85.86591677300595  128.88657270273592  4
52.91467014495181  2.9274299537719495  130
9.049990001919467  99.39854040363645  8
34.91300285766368  158.11826537192908  1
50.93292694311329  186.9659626716944  136
43.36908464267606  69.54280429701058  144
32.86505367203242  24.33577141213126  16
50.827290735969925  183.29239227761016  16
24.368777412229324  179.28806826428414  16
73.04557236009693  63.040077490653324  2
14.813006036930785  179.3179986656761  8
58.7472390713969  186.25111032755268  16
48.655934303022825  53.90762335850886  32
52.196003624006906  155.46423347930445  8
15.11927264335298  9.151954404158262  160
85.36589926905803  19.233927256840396  16
92.88419540371893  136.20276485292104  132
97.94018566588636  90.07504614071725  2
17.05400776362792  185.21077691044576  4
72.921719658546  71.09835467851143  2
36.07361806517459  16.47311126156694  132
18.30702243847381  15.53705208129477  8
69.50720178231471  149.62391513500674  32
32.54640684928313  190.0316712174504  8
17.60590094908451  118.36622235774516  132
3.917121280908031  179.06396918824336  130
80.83869435369469  100.6501309752797  1
47.039925431811405  187.23565773322545  136
16.66419842532002  66.11227218461661  2
68.01727182438523  176.5429683400037  130
18.10751815123072  95.53502190625773  136
79.95801565902431  19.660052313681863  16
5.3009466918221495  71.74963659139536  8
79.1477575658554  142.6598831731982  16
54.72328173988434  17.772860160460095  4
66.39408591540469  159.803979600506  32
98.2370159888849  79.82617473602  160
24.11944143313839  40.40203003706666  32
80.15544880067887  16.464337756795267  1
31.845986401200644  179.81322644508066  8
1.9624985882486965  177.8111506429429  4
19.37641035523286  164.6380382311559  4
42.86128077055496  20.225626572560877  4
41.73669242125567  92.86392235873353  8
6.520094981579661  149.0705905993789  4
54.71156640294645  11.398196730500738  144
26.548040985519904  64.48055481717743  8
16.37972893553451  73.45996849395696  16
1.0536743709602892  195.06663298839166  129
36.86644283247475  2.5196877276192584  136
38.41584583980362  72.34378490832616  32
21.363328689970242  62.83297497851929  4
17.419731772733435  36.54464097583595  32
37.64265564983425  192.48813644885456  129
12.599072810612151  190.58963001104016  129
74.01541710082931  2.0912136754004287  16
15.450490912419536  44.786885643225034  16
48.490542596283575  169.6943940850243  136
28.294316996418008  130.18982426143884  130
46.12970541585553  56.58749325703667  129
77.62807829820612  54.77336714945834  2
77.62082199581225  109.98334600955359  144
24.386741459029235  61.371873872224725  1
93.96294608928436  46.183650362542146  1
81.43987697066875  52.931899705443854  130
27.148996659954946  197.0135819707919  132
34.67384104823647  12.891220423444175  132
11.517639369016491  107.02393539334702  136
98.45268806339963  68.61894046333173  130
99.35418583712764  25.299231380254227  132
61.11112338372882  2.145954667097166  8
40.28070051431028  164.14116508577268  4
97.61071367799352  159.79279578723538  144
85.28871828183983  120.4861338536863  160
93.12022547586513  89.15066631546412  4
28.39362608456733  117.55970975694227  2
86.32962390695523  192.0059599132982  2
9.246922260628684  43.69554919135149  32
23.9276977687993  102.70196866219385  4
46.681314255549424  121.27423037342679  144
72.46582446150124  43.238996959010386  136
81.78680824874826  46.026684953338915  130
95.21661676571456  3.875239796870414  16
34.39994035779594  158.1899647378529  32
31.661034432276697  66.40882883194976  130
17.10352026310729  181.7829584299133  160
11.544933653249508  185.47382819809434  32
98.76389215838381  9.516770466724578  32
3.062721979790513  9.262628921627286  130
97.00336544660352  24.21973912407499  8
64.27091844947088  168.05878328271996  16
35.30970730815068  184.08841146319813  132
8.960418367299  184.46562396023248  132
2.6682228362638214  129.4800823718133  129
88.71481909143468  190.00470935056603  130
19.085132817334248  183.6368371733447  132
86.73419706154418  2.9532360569443545  16
27.08147884517143  1.2288950304101471  1
87.22360449699444  32.60112136388732  1
41.969247610756106  81.8285164305648  8
9.366141909110995  190.78766542853242  32
6.551106053053685  95.93809434410767  136
77.01632751440998  138.69925468635222  160
9.174176302619742  68.37474844130615  32
64.77955100315835  99.64863590654198  16
84.93470058379016  88.96859171774628  144
30.47041251736527  89.27940649748328  130
34.66584199400741  170.95803861403027  4
15.58616949065873  57.44379309280957  130
88.03174361281452  129.238606130135  129
88.98283692095346  121.54172677179713  4
21.40751755783681  105.60603879415213  1
10.525641757614489  13.642393966213707  2
96.56708661204037  93.22890169266385  132
51.48437392522703  110.6061929377367  8
5.9548683774992215  128.23275588613146  132
97.97066673440663  124.63955087864258  4
23.421756946670524  136.13272542617685  160
68.95762395134437  129.29215035775738  130
61.17226823132649  3.449567061466496  32
9.324254373992758  103.00101366250578  160
95.54954916678012  52.70050478510479  1
59.814260056917576  60.82459312740523  132
17.114788114485037  104.94334454932937  16
52.17295225329089  127.6780799175437  8
20.82248873421321  148.41458997281782  32
74.98557982039486  152.9564978611357  130
23.670165973567386  171.04568162554912  132
40.28010136160597  98.12939095317894  136
79.27808216412485  136.85546771364264  2
19.13314090479169  66.54822104569823  132
43.978212654697664  176.19579205390198  1
32.16126558638709  84.84014478576336  144
33.57254474754992  98.87157130913042  8
3.3570494118346055  135.6550621861765  2
6.381327073518862  84.87444814764024  16
10.211089940060099  138.06413356231752  8
44.080647378509944  151.53016352223653  144
79.6813080837124  19.576916352237117  16
20.806354653997538  93.5272489074061  144
67.98566035248024  61.78251900320035  136
16.15071228954092  153.81029105450602  2
17.297750922770323  54.100075568922826  129
46.289611435414756  88.76855108921141  130
30.015858788236606  158.39066209059246  1
36.66457177962521  141.8136428429921  160
56.51390994755935  79.40863014578169  4
8.830802379276504  102.36036356754671  132
88.32838419105975  193.34547256829634  4
73.7549863718314  153.5679383392046  1
8.018138299154767  35.71932555862786  1
13.729485505923938  132.419224555106  136
94.78291428729328  119.12548777191584  129
76.50708624936348  195.89787278791323  4
66.30080527101835  93.97744049957201  129
96.75618536914095  104.36619024005807  129
90.87476014061978  106.57365202388505  1
7.317948749461579  70.72950599070843  136
61.96565484802749  189.6048053092957  130
27.76390762422939  167.24604595859947  129
84.76054614950948  164.83309385659805  4
25.774262841991973  94.8087977459971  1
28.755589899672458  130.48905146041167  136
80.15664635733262  157.29797053879037  160
74.04116261524995  136.07938394396308  129
13.728962416670466  75.22002775070474  129
31.348822750789424  105.93413720913823  132
96.79427463996036  116.30499989028803  160
50.61837909639196  64.93426048638777  130
84.03605689535598  103.50226267555182  144
40.08031434663128  68.34922096991542  16
47.480582220895  56.2879993237921  16
30.93125008817663  62.8715484203987  8
64.37767361361219  43.15434396457184  32
71.24440908622458  182.06007208613664  144
97.66027853662602  86.98405031485643  132
32.712171244624024  74.27565637497014  144
76.03348821678797  181.96756182092238  129
56.120334339768974  35.91774370945278  1
89.77622315528723  139.30506496544308  8
6.070123044052815  162.792552776359  4
62.87878776193278  130.6947685006653  1
96.8302410950978  92.68569459986001  1
83.20568715157228  151.39024127873458  129
3.1254594868345427  44.7484752800171  32
3.4779711186167988  90.64952557951834  129
40.99503032983649  198.94378619137672  8
3.7911490489361896  17.355731669560925  136
1.1530353214263658  69.14634397796262  144
53.19143878896867  111.7354461346263  4
96.20210530035597  76.82704248051486  130
98.38116095086221  22.122801545616078  16
10.781546202142062  57.83248612880316  136
72.68321382913193  134.8730065463712  129
96.4697542926989  55.0414484134272  2
90.29911982294593  196.1501687247862  4
13.885268726498987  16.66770379588252  160
79.28467269872627  73.83119753634901  160
93.28674311956343  138.4969356332932  130
4.97536587192666  109.01479428145127  129
13.1426273074169  167.88446709455127  2
97.95665862365233  105.44605984354251  160
71.91263972686116  89.61852294033905  16
43.22795042522753  129.65404907285864  2
50.80349069759842  62.066524138721775  1
47.14387263737102  144.4930663989815  32
69.43619968392136  37.417700877755784  8
59.79134585436858  187.74468073792895  16
3.1039108595360703  164.19520666235067  4
28.37736675516816  131.91015846408854  16
66.95060345418325  81.91562481142482  136
93.35477834414634  163.82258551272838  130
93.86536649837076  139.97003550903693  132
51.93211650983667  30.501268873439873  130
29.65501952871353  86.97875369195597  4
84.73876888943458  94.08788265197457  1
33.50533381894137  79.52883411914891  2
49.22928668071401  170.70272284485023  8
18.425203359339427  134.11053623184515  130
89.40577667308517  127.66958936400533  1
95.10578283420874  6.426002805358463  160
66.95600132818501  97.75852596506324  129
74.75637048193119  89.7248202810769  2
25.770875390129234  10.803671838742938  136
58.526681879964  190.7487084182271  16
86.87871701074356  138.4963267055064  16
93.94557068408498  95.8553556552029  160
60.78996430719201  98.69433204290127  130
22.071873982770338  186.70341963771554  4
53.319715616713175  119.74527460926369  2
82.64351275506228  27.357420237001666  132
89.50806707956006  75.3083255916258  136
71.52829753471912  32.876350952251656  136
34.59464540733989  176.80853250618173  1
88.58476200702006  103.34373919351174  160
73.65738463197114  73.41276434031997  160
38.02842059508585  45.72185175107496  2
96.88116809945306  50.79275885968055  32
37.23272042444681  29.921922902526354  1
36.71163436674713  173.9362775607682  32
82.45307007530725  29.431749789255786  130
11.186718306509686  55.611872826676496  16
15.022804404088292  61.4021785680824  4
55.87046286188645  173.7982696504672  2
25.736302290378678  153.9495137013836  160
70.79017221236778  27.0002616177614  136
93.38334223401937  12.207072093278423  129
65.1297263963375  133.07414895050817  8
56.84200712411522  76.08960326803107  32
83.12126820514199  197.2410809755131  8
32.22564975332818  48.65029705738079  132
35.64457009488109  85.6219939795505  136
67.53453460572676  49.55969940923476  160
70.91191771161724  29.576208598179935  1
22.174063733398356  116.09743517019719  132
7.722870184128959  5.0290859657796165  1
55.766967851607966  147.73035159794  160
48.27299711852322  47.85930988434587  1
64.2135376849919  41.33961049829621  129
67.37402215647177  116.03410812833084  16
82.27256234156171  33.16463950565865  160
68.96913995456778  157.98372830054228  16
11.59900558277464  153.74452366265754  160
71.26174834762828  139.94320427473426  129
34.780637500333356  160.3750988949888  16
53.822807965902086  85.8635567419863  4
54.85808415143811  29.88063830448886  144
74.04679633130777  62.46291365150589  8
36.37488892628675  175.23569871696967  1
78.95663632381097  47.76456225267389  16
8.849152159209908  79.60893658933281  129
92.24944450075753  187.37284675231845  16
17.31790952615855  64.01607203162692  136
3.5896564198383722  122.73930763812598  130
67.49305028256138  197.08377899420393  32
97.55789937380868  30.05783293797856  136
97.46474906212516  93.72818339914454  132
16.175167022724345  81.38520264805322  2
48.75950933014302  118.79933412984686  129
11.834665061003578  178.19928536194328  136
27.50861316675503  47.91234867569987  129
75.21967767697153  160.30254680629017  32
17.607387218601815  108.9969379561599  2
89.74054745419846  33.9797501629152  2
55.42632549492774  94.04861925274008  129
43.71608210868204  59.97189028515741  2
12.07084430394657  168.84399298751129  32
46.66275281885528  42.49237141602984  144
90.65815350852564  174.90608396087399  132
78.10011297956478  161.21635157050193  1
38.21119087071115  69.88556622534071  8
79.49825711384216  25.25923433001922  16
43.41547615470776  100.18319862763082  160
62.64567538369827  54.40893608811748  136
66.62079337098037  74.58294075202154  130
38.75935742210906  169.6611034473559  160
86.36555870237774  132.38054206309533  160
94.37042032321021  61.18649629333659  4
30.097176930085684  89.8621407817599  129
47.083682065776756  124.34451540889593  144
40.614925598609446  74.147149800095  144
55.706073208599335  119.88220994638444  32
3.534098566731769  53.19158854570116  129
59.597827655892964  27.36621820563006  132
30.866895123463227  137.1409736565737  132
29.146476854388794  8.604488100069513  136
68.33888793043988  112.1023448211375  8
24.277123729865938  192.94781254897364  160
74.94389505467302  181.70203427525985  4
29.922502010764433  127.30937996149946  130
46.95390047936548  192.19877235612972  32
86.21966295934502  64.22819102647134  132
75.58407441590927  197.09921055900628  1
86.45532496857155  146.01544063106786  144
1.3008219635736669  20.08983106817306  2
71.2044393306576  185.47745556164543  160
28.87371947586051  12.50306151035722  32
50.92259588167702  117.40482189003768  2
42.33482579898647  151.12539827719522  8
18.676572369933183  85.379816583134  130
31.88436467360447  32.524721712111784  132
68.92341608688548  156.98175318645255  129
55.98092027141032  22.698102834403716  2
62.159472658213396  96.74328810758217  132
51.60688575760702  154.35205304293427  136
30.292814261065782  10.339696253098186  8
19.24617813518436  117.58318570110393  136
91.763550513403  72.65499440467933  1
93.28922678801375  116.20557105451778  4
88.60623775174436  122.9702481805808  130
77.31138698821724  185.0737413795693  132
90.52100255401449  35.78582803561228  4
74.38386983911116  131.12295640639886  4
91.06465244038458  148.28151043185986  16
62.256111944513314  111.04404134843716  32
39.72963747623385  6.0889718452563635  1
15.538701941068814  51.75038098696065  16
23.441424363553516  49.51394808253439  129
75.5042257183452  157.19506980400953  129
15.573111196350677  111.20487079670553  1
9.952956276341697  93.07784306485853  16
98.41701491935116  21.59035733757827  132
65.0530229390746  174.86073805412693  130
48.67530173110367  108.48987396453693  160
57.91510170206508  103.63107565340678  130
88.48408767890133  99.58079247278474  4
81.64012074351271  110.78427766037026  129
70.34143005083223  72.9972340550979  2
84.79150991149145  147.9648814679097  160
55.099838252623144  151.1416615334832  144
15.067360218524176  63.43901230459557  160
77.05558143671742  150.39091516932032  8
14.141722173903428  80.46186314634329  2
16.85953835919298  175.54030081573154  16
82.14964146766876  62.95527552081547  144
98.01711004248843  95.28105728437134  132
63.35477162169122  121.27797678799911  130
69.12885590230202  103.04508633152116  129
66.3424134712142  2.3156920489067208  160
64.22083300990238  116.64560611084609  4
71.97138482253438  166.618494410546  8
47.7047154564071  182.95739942647432  32
39.19735525623639  11.80143040953473  1
41.21668272185092  3.41490888392873  136
21.13886021019748  194.89107152344178  4
8.078400574493223  149.73412608169878  4
22.546746197587233  177.74220766721803  2
16.958407393292795  132.72823233596927  129
67.10463780225066  172.84231765034025  130
70.13290493932975  57.5735545410324  2
22.95100674385446  117.40682203903322  129
11.435112224157264  79.31172534022565  132
41.15261778664916  85.20531068264296  2
88.67745730279971  153.25716776215094  130
28.14803544263384  76.82882576935206  2
33.5736970803579  80.03275158197827  144
25.261266231995506  178.43015366818554  132
65.17385225372325  123.12951843113494  129
70.01577056908239  143.0393403249791  160
75.08941210090943  73.03149872206548  130
37.58285894422467  142.33603935823075  1
11.258233740188462  88.79254664446242  144
71.24478190058073  118.70497157940231  4
88.55913607340318  107.45449021107477  8
98.05459819820092  194.94826414476594  132
42.92623840178925  78.72285255913012  129
73.35046502049599  156.88505579739603  4
21.3362687635173  30.282111584552915  32
57.64410610176524  14.219214208733929  144
28.379157547703382  90.87234943099178  129
61.965380616146525  71.9034866037856  160
49.293532834382766  192.34192352925098  16
64.58396872769404  135.11672526348002  129
84.1144798392141  192.37207916718393  130
54.080804487054984  140.48671209441363  144
28.500102378762293  46.23801486983942  132
53.542326906686256  173.69209738739312  32
13.396657357540578  196.52899222681185  144
46.63821182131663  46.30406137773486  2
27.56146206758061  67.99282275039178  8
60.17588969424525  98.49293763110612  16
44.82212779580771  17.897322396945587  16
77.4753520778316  110.87658281656752  32
18.800454287894656  20.41475844985412  136
41.6600502297262  145.35807863604046  2
51.808104690193204  153.59579519446595  8
2.5903837409040484  156.88585921548457  132
54.30072826662244  124.26722975946493  144
81.98210833748456  66.09988343460493  4
34.996457330000425  48.294085184409  2
58.44821303122856  83.92780590537825  1
67.1601326291245  69.49938329231752  132
32.2440234949111  159.55340562157718  2
20.49462959583006  185.11603046493966  136
12.164497443546406  151.03643424055417  32
51.07654693672365  71.65810263605465  136
5.582015726023475  4.648496165979442  129
36.51986521309696  192.48693149589582  32
12.532165522831987  13.77180130787508  132
74.36930115697706  86.19031444036555  4
12.262510523214694  20.770892244596634  8
59.54829895477822  121.64308617452784  1
74.50171840331096  105.42943294575757  132
65.61300428932374  30.446730220199072  129
18.543519180704415  159.31127535247705  130
45.79186760384759  181.41862233623445  136
51.81768362937163  16.04708364207969  144
71.57451518593108  78.92694878863082  2
10.531782673144141  48.98263857059889  4
59.544981159120255  74.92127634834866  8
97.1349777109488  104.8471613199644  1
74.27846737327728  119.32842297530783  8
16.89345267593888  136.01585313105016  2
11.206235118120642  42.305786663263646  129
14.621618460067417  194.34381440325336  132
27.283477316642543  126.56180052085229  8
49.24733752429337  33.048529426858984  4
82.56209599269948  103.0789097395101  32
68.47262331941471  9.035068686319052  144
16.60515737410292  185.9650803750577  129
26.67903237037282  91.2505642656664  136
10.85126345350478  94.17059103148604  2
81.4789170384586  131.421951755204  4
50.8915943525844  13.064335221223594  1
69.999038730459  12.006086376181067  4
44.62104287053784  148.72367116726244  132
27.616098474456596  148.23506690915312  32
3.5912608912709456  67.28693289340524  136
67.37119121812037  104.39994933224358  136
94.95561968468753  47.86331883580439  129
69.75331581803542  11.285865888100995  2
85.84030582210019  32.81187892078111  132
55.326588126898926  66.41555826220913  1
97.05228481158169  137.41195606968714  4
62.128529833845704  46.91965184711989  144
3.4662873710534168  103.92571161224134  136
78.02568046422911  193.42333946968165  130
11.440751090212059  11.084415405610116  129
80.77288028045551  47.962097413884464  16
99.47489047987298  144.45850599984811  132
60.937784954388455  8.763866488877305  8
94.06074517379166  34.71162549177325  32
52.192402441688124  174.70512049937122  130
82.42118143479796  20.535359669110772  4
5.64455111594759  83.78343668012594  16
48.98556279940907  187.66577968790264  1
85.55075186483923  95.56333008822759  130
64.87907045413576  60.860648763327504  16
83.3846391525461  168.17433808595885  16
87.80460200243596  158.2166808756897  2
6.183755619751324  197.11955579519054  4
62.75885640019597  82.74129507735887  132
96.99614676807532  175.80578978145823  160
47.68145918251062  137.20484992074634  2
87.47443470414437  192.20541203345107  129
24.826109890342504  97.70609115101234  4
51.181245369709195  49.94642833181248  130
10.96485215281576  172.50436450063052  144
46.45697524012767  150.33635458514837  16
8.38828600703383  46.17683354671478  32
86.35109508393204  67.7941292220821  129
33.50930410771451  18.380701727141748  130
67.51927850038432  13.017245363597553  132
49.69841624982765  12.130876988066905  8
68.1401271707862  101.33597905420679  129
10.094130497897456  5.3926408906644205  2
32.53554257961537  42.31696829443227  130
79.44725485150984  55.51916253512771  132
97.74949087271814  185.50946767750585  4
54.47389108579579  36.14617104454831  32
30.18007199340013  94.98107593241949  8
47.204157759021555  156.63261412865543  130
49.912649274715065  166.15541712123792  129
29.84168097468692  43.803748374621804  4
94.94507929047992  123.56125448606076  1
97.68805947134558  167.8627165685369  132
65.7880379368094  17.62538207602686  129
42.01794905799409  104.78366704950321  144
41.40845593855759  130.40572346954065  8
82.60609730252499  5.116475118641226  32
40.18160198129042  103.50917124147165  2
9.105386946011125  109.96959426316008  32
87.40422496393809  90.342486064205  1
65.4238419378431  1.7171474501170492  8
45.55242065106848  21.222429454571877  8
48.882460059617735  125.34240660759271  132
96.08343780433373  198.69341734415335  16
12.955077395284835  99.36600986790489  132
52.59135230085239  62.53860721984506  160
32.901803283115115  21.459220013911956  2
8.466106610153709  159.71249693221353  136
58.89125441108751  20.374615649170373  144
70.25120252272708  9.799304129205478  2
23.637974801618583  189.09398117279784  8
5.537950286250244  150.58332179945089  4
49.80402505268589  129.60059452539858  130
94.18215078353528  86.6001605267468  129
51.2553208020526  12.096166323169417  130
32.64240706033506  85.0901528735742  160
93.02451806269261  173.49639974469116  160
62.793305405146135  9.366924496096996  32
28.481106211980983  194.576380552323  160
68.22454057850915  73.26092373661886  2
10.043284283240308  141.070100390435  32
10.665009959702266  6.8166885635751795  8
94.39903345110962  26.074359587902254  32
46.084714421517496  177.83897185897752  8
48.54617847026843  165.2364782113718  130
58.849043009860964  153.61879386542932  130
19.118847987349024  38.059666043648605  2
10.954297200992436  154.2267289698875  132
77.74777843012137  180.28246318210324  2
73.49432722696758  119.35865546011833  32
15.338131394665629  33.64033747331235  160
94.88049740839953  98.58769003360015  160
46.44002559807347  175.7171284699499  1
24.04833332630095  7.334346977575424  129
74.79702301607148  179.34076878195452  8
32.171967449242814  16.617217294597786  160
79.5637503386949  153.41739800417284  130
67.4291478327897  185.48632329839748  32
2.5349739682828507  51.78623107883778  32
61.14800209703749  178.79641863594972  8
59.05797266343582  171.26261128537283  130
11.041635510122605  149.21417808492748  132
72.21213362883336  24.819205383039936  2
42.12312082657666  16.711424031194955  8
88.0318238443894  136.80780181968134  1
36.46328492003749  106.11524227606374  4
62.255478171612715  98.29674829917376  4
95.64978850347583  52.69560523144223  4
34.45131773329699  111.15246667865141  16
20.084268462469854  33.086236183314014  132
93.62327736236051  133.14114754606084  129
58.50337346556407  24.952801353323192  8
76.95413537419853  31.047649527287348  132
6.7797077063206626  102.39820944885608  4
49.92777473470008  54.60317988705298  129
37.4480656452265  32.32666347184639  144
38.805363963832605  193.38892577746765  32
36.73099674138695  40.52705985720933  4
40.88990880309697  60.72032594980153  2
50.051805009958564  117.67451771642187  136
70.62944315915372  26.484138394871334  136
11.359046904871473  132.18963821760377  2
6.1797568903640405  71.09792986286395  160
61.66675239140372  166.63137219244715  130
23.562704046094858  81.1223619158776  32
5.058186168784811  152.0338377540145  130
9.29210459862054  14.327492413037486  130
62.371870733445434  184.02482221542564  160
18.88830427194198  78.10828545254978  4
71.83102484483165  42.1606787356334  132
42.35236142603245  168.18491597400808  144
21.349616834754436  20.018854814695477  160
28.61941061165347  165.41189996477908  2
41.76468976305181  195.04464668622194  136
53.1212721554655  8.302328613136543  160
26.795641340149434  49.08424266383291  8
40.545581302618864  113.81184800725455  144
67.86319010486002  49.669847769202256  16
66.63749708795432  188.14974434646808  136
38.08623410366712  166.59500117326755  130
55.879098354471445  28.663112606896036  132
40.35941301877043  165.2585583189632  8
35.23523251196837  61.9350503104666  2
29.983331446719806  35.094629517749986  2
20.15520830992159  132.7869536206203  2
94.44867032817741  167.51374916867508  1
89.72537280890113  196.19793169404625  144
85.09788532819609  16.78485368043698  160
47.92794478626194  72.28407806581055  130
3.7916685431472517  62.87253333761996  129
39.2478930095594  81.71000881472014  16
41.57163460127118  156.2005707171964  16
37.372433823795845  77.99613499611326  4
50.92470542300486  177.08141433975388  144
53.040417863384135  195.81378067927773  132
9.720400555809162  62.39344536342245  2
6.971254811136117  119.65266328454163  132
79.83483234776794  67.56777776464048  160
56.239296014346834  151.85925359813484  130
95.7251157867465  174.59723962344344  130
74.49503561163172  39.15788383235922  136
47.09797861403189  175.16247449866162  144
79.89398677032223  132.95199906515126  136
9.169631256109739  135.6156556813717  132
65.23053776220694  30.65311124378472  4
23.851884952859034  140.20566319883625  8
49.909332098967845  124.95694490510891  8
64.08377147668627  77.133509861007  136
71.95934721436696  94.5280643248015  130
40.5947289863503  166.7639890634485  144
9.36063701718915  27.435401614008544  130
40.1198177807966  175.0668278062543  1
41.84067282327015  109.2791551032271  32
40.31321781993417  28.47167620456407  8
69.52044490253655  13.91552491433224  144
20.584220218519746  184.29700916783543  32
41.6346137339889  77.83615895135391  8
19.23258889487413  116.84207371704846  4
50.305586178251716  187.54654569549433  136
83.59388466200473  112.21202171577933  129
70.49834952785653  1.621718456561829  130
81.9491597807358  59.80659811678184  136
90.2150880726887  30.984574702960284  132
30.456807914207797  73.53686469654387  129
16.129428370358813  120.46987968131313  16
38.93510298810947  99.0766512117879  136
8.326906525983144  58.27334262700473  4
8.058711089558905  160.76265816956766  2
22.380437732094645  5.535282855582565  144
79.73581405853479  144.05898528669184  130
66.29897264911959  58.15804268462645  8
85.49968928572487  14.498431472669303  144
84.86055997160922  12.649382835355517  2
46.36496326010296  94.2256665525796  136
12.06667521217998  4.036871002667368  16
26.431480892367276  46.00310109472707  130
92.3137903385149  143.5692753314885  132
10.180837725046707  123.38714567658465  132
79.58217776852115  84.01195707648228  1
65.56153257465571  168.35354692832314  144
66.6901325937645  66.96368599892918  160
14.662933919473774  148.11936094237245  2
55.96185026732852  84.9345035446685  16
75.94218343897099  57.78744849667288  144
27.75028910293816  77.4099183510812  132
90.75511125184124  131.12135215445383  32
32.37925616750901  90.38487628395553  144
51.04060251255486  46.75386433306391  2
3.570180055089303  118.51528926134479  16
3.047340390168454  86.86576966138963  16
75.94399617613728  22.52304806695507  136
44.6764302253543  181.80464761130966  136
34.56012995779334  136.22999584426293  160
22.486209020990664  176.12250675035136  160
48.1387002393455  132.690755090063  8
6.073163450925617  49.094698490245094  144
93.08404846694616  171.4595566546782  4
73.82330355853  123.89139940916174  2
96.63323098368949  153.12047007053565  4
3.958317626457288  197.6558708280314  130
1.6981220641979384  141.57844660849915  144
10.197727323369332  192.5445047365401  1
39.76335513767574  43.49410017824875  32
62.04816372247268  107.78787447504988  4
50.805648085712704  55.346673968245874  1
97.56695957165846  26.30569480900492  32
57.9626385403262  141.19237305120743  1
17.315475068406894  40.20118870573603  16
65.46093884155884  66.01329655916022  32
35.568970329178214  81.78187004943163  136
76.88217191345298  153.1354961114818  4
85.21255259643253  162.46931627377464  16
93.7371166366944  60.9830559315787  4
29.83659733473123  161.26778100896672  8
7.801744766433185  174.10386645726464  144
8.003559973800167  110.80084099460863  16
77.76741478552539  47.46408087501138  160
74.80405579686476  188.39905029386918  4
4.088642810038808  47.36191102749512  160
95.87582322481414  81.3533579595874  144
81.46526111930638  149.69844721364066  132
53.74946518527695  107.55673254446823  32
44.758261260817264  174.6094059307599  2
91.9540388696648  1.9344519892210945  8
16.980743138979026  87.9368107601072  130
60.1108787437733  150.89901190027314  16
81.94374372376616  164.15509828066584  160
27.469876118917792  129.74199189060064  32
78.9781737579014  97.475301073663  4
95.07651435290218  1.046426978591403  8
51.548916378402396  163.28032751017477  32
33.88756784313554  24.956858330084557  136
79.14911112518953  76.52530569503962  144
20.678951354481843  132.20234655033371  8
79.24190245895463  184.51116363578208  130
52.58371418183705  175.5724354745655  129
85.51643925342974  84.24204494993317  160
69.5013530258687  111.06329686723292  16
24.167738609727603  53.85495511405941  4
32.56869893651876  107.64009846749582  160
74.58611551133505  141.6497933803111  4
11.580890463155974  180.8681657138014  16
13.157452421194078  66.43484904056545  4
32.7214648355022  60.77388619878613  160
88.82958894135402  58.42469944464793  144
38.5581256290882  190.70943879408063  4
53.58314178567264  36.53293450779005  132
80.60448013221908  41.430857388570296  160
78.30214988414868  64.81559440345247  4
93.08508023296821  41.46836421694243  129
37.94885128003961  18.17342221002599  132
97.4721837177858  120.30311886536121  136
75.43256030354495  176.7550100208191  32
50.77446519843003  181.7566160856484  132
21.221933613542657  56.229778237691036  4
49.269492014737544  148.892575996371  132
51.94354342707387  18.751322484998365  1
74.47365739858621  114.44363293712686  130
72.338892747491  198.4803906047594  160
93.55020187571314  149.91531884739666  132
56.85950485684042  156.70716192559047  8
13.182718853924964  42.962065767052486  130
54.461988255281696  184.1772326400407  1
55.31669344180938  41.36358546027085  2
29.070899715476237  95.85253158734123  132
96.36008482547399  78.29499866177922  160
57.802844653993034  72.21573603733776  136
95.49409757875287  112.5574648257117  1
86.70097795185568  68.1069979190037  160
49.75550527529978  65.2514171405291  2
43.53699364769642  56.82386871729911  2
63.40300709679784  111.9229340704537  16
78.19007711892618  122.28807871972617  132
22.56637282574144  38.32307793035719  144
30.824697361872424  196.16338632829982  144
94.7979547482606  107.29443085556264  32
64.7307544418086  39.26118315162092  144
37.235183196390466  49.498507577900256  129
96.88490969346373  126.78168444072888  136
59.34613616775182  145.6961656666992  4
81.83776456895154  83.09198305666655  130
79.29225131780267  163.7228473595297  160
55.959587001242504  194.61607986612393  4
87.99818026917698  115.11596664102757  1
15.416135783073072  59.554161811745495  144
54.133700219906906  159.77694459331022  129
45.11000926452065  57.27021857628277  32
47.260293423810275  132.73482647187092  136
13.4366086037783  169.69476258896142  4
9.037977194648967  20.309660666016963  1
35.28350364991115  99.50576184207002  8
47.09903623217474  160.25376907743157  136
6.74921826766656  90.47660714454179  160
74.12268210373799  145.37512399210476  4
66.40899545147023  99.92447817609988  8
28.34911190922488  7.836078349253577  4
